### Spectrometer ROMezzanines T0 file
# Format: Starting from readout ID 0, grouped by 16
#
# Generated on Fri Sep 23 06:21:33 2016
#
MezzaninesT0_00= -170.39 -172.08 -175.22 -200.47 -196.03 -197.31 -175.39 -225.66 -218.28 -222.73 -197.78 -31432.67 -214.62 -222.54 -200.56 -31432.67
MezzaninesT0_01= -177.80 -176.67 -177.76 -200.38 -177.67 -177.41 -178.37 -176.48 -202.63 -202.18 -201.59 -200.35 -177.55 -201.22 -201.83 -199.37
MezzaninesT0_02= -185.92 -188.58 -190.97 -139.16 -163.86 -165.26 -141.11 -189.44 -166.86 -140.93 -189.12 -31432.67 -212.02 -191.18 -189.37 -31432.67
MezzaninesT0_03= -165.28 -163.09 -159.51 -181.86 -190.04 -162.80 -183.09 -133.49 -162.88 -162.09 -181.88 -180.40 -188.00 -187.06 -159.25 -182.25
MezzaninesT0_04= -136.54 -144.45 -167.85 -168.20 -164.41 -165.09 -168.12 -167.97 -168.35 -196.76 -217.76 -31432.67 -189.69 -192.78 -192.99 -31432.67
MezzaninesT0_05= -170.10 -169.44 -169.66 -172.00 -195.08 -169.42 -196.07 -194.18 -194.51 -170.66 -193.93 -196.84 -169.57 -195.56 -195.56 -196.39
MezzaninesT0_06= -153.09 -157.17 -159.18 -157.12 -186.96 -187.33 -158.88 -157.71 -158.70 -158.88 -159.55 -31432.67 -188.71 -160.44 -184.15 -31432.67
MezzaninesT0_07= -207.10 -155.46 -180.42 -199.60 -181.39 -180.50 -178.78 -200.90 -182.07 -180.21 -202.83 -143.72 -157.59 -130.13 -150.54 -150.96
MezzaninesT0_08= -273.05 -223.50 -226.11 -228.51 -247.19 -248.57 -250.93 -228.38 -222.70 -225.61 -250.84 -31432.67 -247.83 -250.63 -250.82 -31432.67
MezzaninesT0_09= -277.65 -254.57 -278.14 -254.42 -277.71 -279.83 -228.51 -254.85 -252.52 -254.00 -253.01 -221.03 -227.61 -229.20 -228.13 -220.07
MezzaninesT0_10= -236.66 -244.18 -242.78 -191.09 -236.37 -242.11 -218.21 -241.09 -218.52 -242.21 -217.86 -31432.67 -243.38 -267.71 -240.83 -31432.67
MezzaninesT0_11= -240.26 -238.70 -211.84 -232.06 -215.40 -238.62 -236.87 -181.44 -265.15 -212.65 -260.77 -225.54 -215.45 -238.08 -233.52 -203.93
MezzaninesT0_12= -229.93 -255.82 -258.30 -235.92 -227.16 -256.03 -233.26 -261.20 -255.55 -233.18 -233.56 -31432.67 -256.14 -233.09 -258.32 -31432.67
MezzaninesT0_13= -259.39 -236.16 -259.35 -237.31 -234.32 -260.65 -234.07 -236.60 -233.99 -235.42 -232.10 -204.43 -258.64 -260.68 -284.85 -255.70
MezzaninesT0_14= -260.11 -285.02 -259.57 -257.55 -207.80 -208.87 -259.92 -257.98 -257.54 -284.55 -234.67 -31432.67 -234.31 -283.49 -234.56 -31432.67
MezzaninesT0_15= -222.10 -222.39 -219.54 -213.43 -222.18 -245.05 -220.14 -189.13 -246.99 -219.64 -218.59 -214.13 -247.07 -219.88 -216.30 -214.95
MezzaninesT0_16= -34.64 -35.72 -62.86 -13.44 -83.63 -35.67 -38.02 -63.37 -35.23 -60.76 -62.47 -31432.67 -34.94 -60.34 -38.10 -31432.67
MezzaninesT0_17= -41.12 -40.63 -91.03 -64.79 -41.40 -41.29 -42.23 -90.62 -66.04 -39.95 -67.11 -42.01 -65.88 -39.96 -66.55 -64.67
MezzaninesT0_18= -78.71 -80.02 -55.77 -53.68 -55.54 -30.71 -30.85 -53.47 -32.20 -55.55 -28.75 -31432.67 -31.94 -55.64 -53.63 -31432.67
MezzaninesT0_19= -52.41 -25.21 -47.02 -46.20 -27.19 -24.76 -21.98 -21.09 -50.01 -24.95 -21.43 -44.58 -50.30 -24.95 -20.74 -19.28
MezzaninesT0_20= -61.64 -37.35 -64.53 -39.85 -36.60 -62.13 -64.72 -39.70 -36.87 -64.56 -39.55 -31432.67 -86.43 -39.29 -39.66 -31432.67
MezzaninesT0_21= -41.53 -41.02 -68.12 -68.14 -41.67 -16.48 -43.06 -68.99 -41.07 -43.18 -42.09 -42.34 -41.46 -67.82 -41.85 -42.89
MezzaninesT0_22= -30.12 -31.02 -31.79 -55.03 -31.95 -81.53 -31.90 -55.15 -57.80 -56.49 -32.08 -31432.67 -32.19 -31.60 -56.96 -31432.67
MezzaninesT0_23= -53.64 -27.56 -27.03 -21.80 -4.03 -52.75 -52.55 -23.75 -54.62 -51.93 -52.21 -48.69 -29.97 -52.56 -27.29 -48.10
MezzaninesT0_24= -18.81 -20.14 -22.60 -48.20 -42.83 5.23 -47.55 -12.12 5.72 -21.80 -21.89 -31432.67 5.52 3.52 -22.41 -31432.67
MezzaninesT0_25= 0.72 24.14 -25.55 0.08 25.81 -0.68 24.54 29.01 1.51 -0.40 -24.64 -24.29 26.12 -0.49 -23.35 -17.89
MezzaninesT0_26= 11.69 -14.09 -12.80 -11.14 12.85 12.66 12.00 -11.07 11.49 -12.70 12.04 -31432.67 36.00 12.29 -10.72 -31432.67
MezzaninesT0_27= 13.46 16.05 16.08 18.93 13.22 -9.07 41.30 -4.95 13.59 15.98 16.61 20.49 -11.50 -8.90 -6.00 20.13
MezzaninesT0_28= -24.19 -0.16 -52.78 -5.27 0.60 -24.75 -2.75 -30.44 0.78 -2.41 -2.79 -31432.67 0.13 -27.19 -2.88 -31432.67
MezzaninesT0_29= -29.92 -7.07 -31.61 -32.30 -5.38 -32.05 -31.69 -7.40 -30.11 -31.61 -5.92 17.58 -54.80 -6.35 -6.10 -30.84
MezzaninesT0_30= -48.27 -22.96 -21.40 -20.22 -22.95 3.73 -21.80 4.97 -46.91 3.69 3.47 -31432.67 2.50 3.79 3.22 -31432.67
MezzaninesT0_31= 5.82 6.29 8.31 12.02 5.93 8.47 8.56 -13.31 6.26 9.01 -16.28 -10.67 6.15 8.79 10.88 -11.50
