### Spectrometer ROMezzanines T0 file
# Format: Starting from readout ID 0, grouped by 16
#
# Generated on Thu Nov  3 03:20:15 2016
#
MezzaninesT0_00= -137.96 -140.16 -168.65 -194.36 -160.60 -165.64 -168.74 -144.69 -164.14 -166.38 -168.93 0.00 -187.99 -166.05 -194.09 0.00
MezzaninesT0_01= -171.66 -170.69 -170.70 -169.80 -171.57 -170.88 -196.82 -219.00 -171.40 -195.04 -195.84 -173.91 -171.39 -170.12 -169.97 -171.44
MezzaninesT0_02= -132.46 -158.02 -158.55 -182.92 -158.37 -157.58 -159.50 -183.29 -158.83 -158.55 -182.72 0.00 -158.97 -159.24 -158.03 0.00
MezzaninesT0_03= -134.23 -131.53 -152.49 -150.37 -158.93 -181.45 -152.68 -150.46 -156.56 -180.70 -127.54 -149.56 -181.69 -156.05 -177.96 -150.11
MezzaninesT0_04= -180.84 -131.86 -161.57 -162.17 -158.09 -159.15 -186.64 -161.84 -130.83 -158.60 -161.69 0.00 -158.70 -161.76 -161.83 0.00
MezzaninesT0_05= -189.00 -188.30 -189.39 -140.74 -189.02 -163.46 -165.02 -166.41 -163.18 -189.69 -139.36 -187.71 -163.65 -164.19 -163.61 -139.14
MezzaninesT0_06= -151.88 -150.06 -177.49 -151.42 -156.31 -155.46 -127.86 -151.65 -128.06 -126.74 -128.36 0.00 -182.86 -153.45 -178.28 0.00
MezzaninesT0_07= -151.42 -124.52 -148.61 -169.75 -175.62 -174.30 -123.08 -120.94 -126.40 -148.84 -171.89 -146.71 -176.52 -148.30 -147.41 -140.57
MezzaninesT0_08= -215.30 -241.82 -244.72 -247.45 -215.39 -216.41 -244.55 -222.34 -215.18 -219.04 -219.60 0.00 -214.25 -243.83 -194.81 0.00
MezzaninesT0_09= -246.59 -223.21 -247.28 -222.79 -221.92 -223.51 -196.91 -193.64 -221.26 -197.64 -246.85 -219.69 -246.47 -198.34 -243.73 -216.76
MezzaninesT0_10= -233.54 -237.09 -236.36 -209.89 -210.94 -235.34 -211.78 -235.04 -235.08 -210.62 -211.46 0.00 -211.87 -186.01 -234.56 0.00
MezzaninesT0_11= -234.26 -207.12 -205.03 -197.64 -209.29 -182.25 -230.27 -200.31 -208.99 -231.35 -227.29 -221.90 -234.23 -206.77 -225.78 -226.51
MezzaninesT0_12= -223.88 -223.79 -252.12 -205.05 -221.46 -224.53 -251.90 -230.40 -198.98 -226.90 -227.50 0.00 -198.07 -226.74 -227.26 0.00
MezzaninesT0_13= -253.29 -254.84 -202.79 -252.78 -228.28 -229.42 -228.43 -230.20 -252.85 -253.73 -225.73 -250.74 -227.55 -253.36 -251.71 -225.77
MezzaninesT0_14= -252.28 -228.56 -228.12 -226.42 -253.08 -252.26 -253.48 -201.86 -251.43 -202.63 -228.42 0.00 -228.46 -251.80 -253.20 0.00
MezzaninesT0_15= -190.99 -216.12 -212.61 -232.66 -216.15 -213.69 -237.86 -208.97 -240.67 -188.22 -235.11 -230.80 -215.92 -213.36 -234.09 -206.36
MezzaninesT0_16= -27.93 -53.93 -56.56 -55.76 -52.15 -28.27 -31.48 -57.07 -28.56 -4.52 -31.28 0.00 -28.77 -54.20 -30.77 0.00
MezzaninesT0_17= -35.06 -59.62 -60.19 -34.97 -35.37 -59.90 -60.61 -59.23 -59.93 -58.66 -59.81 -60.51 -34.62 -58.69 -34.46 -60.89
MezzaninesT0_18= -24.87 -23.69 -49.31 -47.66 -24.06 -49.08 -24.41 -22.50 0.11 1.10 -47.44 0.00 -24.95 -20.03 -22.47 0.00
MezzaninesT0_19= 3.72 -18.55 8.79 -39.69 -21.11 -18.80 -15.74 -14.13 -43.61 -18.38 -39.68 -12.66 -19.19 -43.40 -15.08 -38.53
MezzaninesT0_20= -29.99 -30.80 -33.34 -33.73 -27.95 -31.04 -58.51 -33.58 -30.00 -32.89 -33.43 0.00 -55.55 -33.01 -33.56 0.00
MezzaninesT0_21= -35.52 -34.82 -61.33 -37.76 -10.76 -60.11 -36.48 -61.69 -34.98 -61.88 -34.91 -34.51 -10.43 -36.66 -34.92 -10.82
MezzaninesT0_22= -50.27 -49.81 -25.56 -24.10 -26.11 -49.10 -25.52 -48.46 -26.24 -25.06 -50.78 0.00 -26.12 -25.32 -25.95 0.00
MezzaninesT0_23= -72.29 -46.43 -45.12 -16.36 -48.01 -21.35 -20.67 -17.39 -23.61 -45.95 -20.54 -18.16 -48.56 3.91 4.60 -15.47
MezzaninesT0_24= 14.20 11.58 8.82 -15.67 38.70 -13.42 33.77 -5.26 -12.73 -15.11 -15.62 0.00 -12.45 9.81 -16.12 0.00
MezzaninesT0_25= -18.02 5.52 30.96 31.97 -17.97 5.72 -18.85 -16.68 7.65 6.09 6.96 6.47 -42.41 -18.95 7.32 13.22
MezzaninesT0_26= -5.51 17.51 18.53 -4.41 -31.09 19.45 18.39 20.20 17.66 -31.01 -6.55 0.00 18.23 18.83 -4.25 0.00
MezzaninesT0_27= 19.61 -2.41 24.72 25.88 19.67 47.20 23.14 26.57 -4.84 -2.30 -1.49 27.85 19.86 22.69 1.00 52.32
MezzaninesT0_28= -41.91 6.43 3.50 -23.68 7.82 31.68 3.61 0.83 7.11 4.05 3.41 0.00 32.30 -20.92 3.32 0.00
MezzaninesT0_29= 1.11 24.29 -24.79 -0.51 1.20 24.27 -25.20 -0.25 1.02 -0.21 25.82 -0.37 1.30 -24.98 0.05 -0.74
MezzaninesT0_30= 7.82 8.90 -14.22 10.97 7.64 10.50 9.78 11.32 9.48 -14.33 -15.03 0.00 34.19 -14.28 34.57 0.00
MezzaninesT0_31= -12.85 -12.12 15.54 -6.33 12.21 14.74 15.30 18.60 12.48 -9.57 -8.28 19.81 12.31 -9.74 18.05 -5.36
