### Spectrometer Coarse T0 file
#
# Spectrometer Stations T0 corrections generated on Sun Apr 15 17:24:19 2018
StationsT0= -6405.33
#
# Spectrometer ROMezzanines T0 corrections generated on Sun Apr 15 17:24:22 2018
# Format: Starting from readout ID 0, grouped by 16
MezzaninesT0_00= 8.90 6.65 2.83 1.38 8.69 6.33 2.95 1.10 8.14 5.46 2.49 0.00 8.67 6.04 1.98 0.00
MezzaninesT0_01= -0.80 1.35 0.75 1.93 -0.52 1.14 0.85 2.21 0.77 2.18 1.46 0.32 0.16 1.87 0.66 0.30
MezzaninesT0_02= -11.20 -10.94 -12.80 -12.21 -11.66 -10.52 -12.63 -12.40 -11.19 -12.04 -11.62 0.00 -11.10 -12.22 -11.99 0.00
MezzaninesT0_03= -13.31 -10.18 -5.46 -3.70 -12.90 -10.09 -5.12 -4.09 -10.48 -8.55 -3.81 -2.75 -10.30 -8.87 -4.39 -2.58
MezzaninesT0_04= -9.29 -11.66 -15.24 -15.95 -9.31 -11.95 -15.20 -15.48 -9.99 -14.04 -15.58 0.00 -9.31 -14.71 -15.73 0.00
MezzaninesT0_05= 7.07 8.59 8.06 6.72 6.89 8.60 7.22 6.94 8.07 7.63 7.89 7.67 8.02 7.10 7.70 7.14
MezzaninesT0_06= -3.60 -3.11 -4.93 -4.89 -3.58 -3.13 -5.37 -5.36 -4.68 -3.81 -6.17 0.00 -5.07 -4.24 -6.32 0.00
MezzaninesT0_07= -5.17 -2.42 -0.42 4.08 -4.40 -2.49 -0.32 4.15 -4.44 -1.58 1.54 4.29 -4.92 -1.47 1.38 3.93
MezzaninesT0_08= -17.46 -19.92 -23.22 -26.75 -17.23 -19.71 -23.01 -26.59 -18.48 -22.37 -23.77 0.00 -17.63 -22.40 -23.58 0.00
MezzaninesT0_09= -0.91 -1.35 0.60 -1.51 -1.00 -1.51 1.02 0.30 -0.24 0.11 1.05 0.50 -0.36 -0.48 1.04 1.04
MezzaninesT0_10= -24.72 -26.82 -26.80 -25.97 -24.80 -24.71 -26.98 -26.01 -25.29 -25.61 -27.33 0.00 -25.18 -25.92 -25.30 0.00
MezzaninesT0_11= -38.38 -35.74 -32.78 -28.54 -38.46 -35.57 -32.66 -29.23 -38.09 -34.04 -31.12 -28.56 -38.18 -34.07 -28.82 -28.82
MezzaninesT0_12= -0.82 -2.52 -5.88 -9.11 -0.48 -2.50 -5.79 -9.56 -2.44 -5.53 -6.75 0.00 -2.59 -5.11 -6.46 0.00
MezzaninesT0_13= -7.74 -7.76 -6.01 -7.55 -7.41 -7.64 -6.32 -8.09 -6.74 -7.09 -6.06 -7.00 -6.49 -6.88 -5.87 -6.57
MezzaninesT0_14= -7.07 -5.71 -6.28 -5.87 -6.75 -4.06 -6.78 -6.25 -4.10 -5.19 -7.45 0.00 -5.34 -4.74 -7.20 0.00
MezzaninesT0_15= -20.32 -19.82 -15.71 -10.16 -20.51 -17.56 -16.25 -10.26 -20.14 -16.62 -13.74 -10.30 -20.23 -16.87 -11.62 -9.97
MezzaninesT0_16= -5.55 -7.19 -9.77 -10.62 -5.98 -6.92 -9.88 -10.44 -6.77 -7.62 -9.99 0.00 -6.94 -7.13 -10.51 0.00
MezzaninesT0_17= -12.33 -11.42 -12.38 -11.55 -12.21 -11.71 -11.30 -11.53 -11.99 -10.07 -11.76 -12.41 -11.92 -9.94 -11.57 -12.02
MezzaninesT0_18= -2.84 -1.81 -2.84 -1.54 -2.71 -2.87 -3.22 -0.99 -4.31 -2.55 -1.38 0.00 -4.62 -2.94 -1.10 0.00
MezzaninesT0_19= -0.23 3.15 6.27 7.35 0.03 3.00 6.48 7.32 2.51 3.68 7.21 9.02 2.06 3.38 6.44 8.82
MezzaninesT0_20= -8.10 -9.46 -11.84 -12.56 -7.68 -9.36 -12.27 -12.27 -8.92 -11.68 -12.27 0.00 -9.22 -11.67 -12.43 0.00
MezzaninesT0_21= -14.13 -12.98 -14.25 -16.02 -14.32 -13.36 -13.91 -15.62 -13.38 -14.59 -13.34 -14.28 -14.01 -14.58 -13.73 -14.63
MezzaninesT0_22= -3.88 -2.10 -3.54 -2.20 -3.68 -2.56 -3.63 -2.69 -3.74 -2.31 -4.19 0.00 -4.20 -2.88 -4.42 0.00
MezzaninesT0_23= -1.05 0.22 1.30 6.31 -1.00 0.34 1.31 5.38 -2.22 1.52 1.64 5.86 -2.39 0.93 1.76 6.02
MezzaninesT0_24= -13.29 -16.05 -18.69 -19.00 -13.63 -14.27 -18.59 -8.24 -15.10 -17.92 -17.72 0.00 -15.47 -17.86 -18.56 0.00
MezzaninesT0_25= -21.39 -22.96 -22.15 -21.60 -21.43 -22.78 -21.84 -18.69 -21.02 -22.29 -21.38 -21.23 -21.31 -22.11 -20.70 -18.55
MezzaninesT0_26= -11.95 -14.24 -12.62 -11.12 -11.64 -11.69 -12.53 -10.81 -13.72 -12.22 -12.77 0.00 -13.64 -11.99 -10.39 0.00
MezzaninesT0_27= -8.94 -6.27 -5.77 -2.10 -9.06 -6.50 -5.42 -1.92 -9.13 -6.14 -4.71 -0.34 -9.14 -5.92 -2.60 -0.61
MezzaninesT0_28= -20.65 -22.34 -25.15 -27.17 -20.63 -22.13 -24.94 -27.73 -21.50 -24.75 -25.16 0.00 -21.52 -24.66 -25.33 0.00
MezzaninesT0_29= -27.04 -29.06 -27.95 -28.98 -27.31 -29.17 -28.26 -28.67 -27.46 -28.47 -27.35 -27.75 -27.29 -28.33 -27.60 -27.84
MezzaninesT0_30= -20.35 -19.81 -18.40 -17.80 -20.21 -18.10 -18.66 -17.45 -19.06 -17.77 -18.77 0.00 -19.30 -17.77 -19.12 0.00
MezzaninesT0_31= -16.28 -15.86 -13.00 -9.05 -15.96 -14.02 -13.29 -9.66 -16.35 -13.04 -12.39 -7.58 -16.56 -13.27 -10.35 -7.93
