### Spectrometer ROMezzanines T0 file
# Format: Starting from readout ID 0, grouped by 16
#
# Generated on Wed Aug 10 22:28:32 2016
#
MezzaninesT0_00= -195.27 -173.58 -176.79 -177.36 -140.08 -148.97 -176.84 -152.59 -170.98 -149.30 -151.93 -31434.18 -171.40 -174.06 -202.11 -31434.18
MezzaninesT0_01= -179.51 -203.67 -179.99 -177.92 -179.42 -203.92 -179.92 -203.37 -229.42 -227.91 -204.22 -205.26 -229.34 -203.63 -229.19 -226.73
MezzaninesT0_02= -165.32 -216.54 -192.85 -215.90 -166.73 -191.17 -167.85 -191.32 -166.74 -167.34 -190.80 -31434.18 -216.63 -192.77 -216.10 -31434.18
MezzaninesT0_03= -217.05 -189.75 -210.64 -184.89 -191.74 -164.58 -185.03 -184.63 -189.72 -188.66 -209.81 -208.86 -164.66 -213.94 -184.75 -182.57
MezzaninesT0_04= -188.74 -171.18 -169.72 -170.11 -164.98 -192.14 -194.73 -194.89 -194.34 -173.17 -169.70 -31434.18 -190.66 -169.68 -169.88 -31434.18
MezzaninesT0_05= -171.82 -171.31 -172.65 -174.03 -171.88 -171.48 -172.69 -173.55 -171.27 -172.70 -172.15 -173.54 -171.46 -172.80 -146.87 -173.22
MezzaninesT0_06= -186.56 -159.62 -161.18 -184.19 -165.05 -162.92 -161.25 -133.03 -185.92 -161.00 -161.43 -31434.18 -214.90 -187.19 -211.42 -31434.18
MezzaninesT0_07= -159.30 -182.50 -156.67 -176.64 -158.78 -182.60 -156.56 -152.47 -159.39 -206.60 -155.02 -151.35 -159.56 -157.11 -180.11 -145.88
MezzaninesT0_08= -233.69 -225.16 -202.84 -230.23 -184.65 -250.39 -202.83 -205.18 -249.08 -227.29 -252.70 -31434.18 -249.03 -227.48 -227.67 -31434.18
MezzaninesT0_09= -229.51 -231.33 -254.92 -247.64 -254.56 -256.39 -203.15 -254.17 -279.28 -230.62 -228.36 -238.54 -229.36 -231.21 -228.37 -238.21
MezzaninesT0_10= -231.11 -246.05 -244.60 -217.70 -233.64 -219.26 -220.05 -267.86 -220.17 -269.19 -244.52 -31434.18 -195.90 -219.73 -242.69 -31434.18
MezzaninesT0_11= -242.06 -240.26 -263.15 -223.36 -242.09 -240.26 -237.87 -176.07 -242.05 -239.64 -209.90 -241.09 -242.22 -239.91 -255.04 -219.81
MezzaninesT0_12= -223.63 -232.67 -260.07 -237.74 -219.51 -232.82 -235.09 -263.10 -257.79 -260.10 -260.33 -31434.18 -257.43 -235.03 -235.13 -31434.18
MezzaninesT0_13= -236.26 -237.78 -260.99 -231.66 -236.08 -262.78 -236.15 -234.97 -235.77 -237.53 -260.76 -224.00 -260.54 -287.64 -280.20 -276.86
MezzaninesT0_14= -254.21 -261.93 -286.46 -259.38 -254.23 -261.35 -261.91 -234.77 -227.19 -261.12 -236.54 -31434.18 -234.44 -286.35 -260.22 -31434.18
MezzaninesT0_15= -223.82 -224.21 -221.38 -208.80 -223.93 -246.94 -196.95 -215.89 -248.73 -221.32 -219.82 -210.20 -223.86 -221.69 -218.14 -205.27
MezzaninesT0_16= -33.39 -37.46 -64.77 -65.34 -84.37 -37.32 -39.91 -40.30 -36.78 -37.65 -64.43 -31434.18 -36.70 -87.12 -15.12 -31434.18
MezzaninesT0_17= -42.98 -67.72 -44.29 -42.89 -43.28 -43.13 -69.02 -42.94 -68.12 -42.19 -93.10 -68.93 -42.80 -67.18 -43.18 -67.41
MezzaninesT0_18= -55.13 -56.92 -32.42 -55.42 -79.39 -32.20 -57.51 -30.45 -58.30 -57.15 -30.47 -31434.18 -33.49 -32.43 -55.52 -31434.18
MezzaninesT0_19= -79.15 -26.94 -23.99 -23.01 -29.20 -27.02 -24.09 -47.34 -26.81 -26.65 -23.06 -21.13 -77.20 -51.68 -22.58 4.33
MezzaninesT0_20= -12.42 -39.24 -41.26 -41.67 -36.90 -39.32 -41.65 -16.60 -63.71 -16.43 -41.42 -31434.18 -63.77 -91.30 -41.51 -31434.18
MezzaninesT0_21= -43.34 -67.86 -44.64 -70.47 -68.50 -68.15 -69.58 -45.77 -42.93 -69.83 -68.53 -44.50 -43.22 -44.98 -43.97 -69.35
MezzaninesT0_22= -58.08 -33.37 -33.77 -32.00 -58.00 -83.03 -33.69 -56.86 -58.76 -33.44 -33.83 -31434.18 -59.45 -58.41 -33.96 -31434.18
MezzaninesT0_23= -55.73 -29.59 -54.01 -24.63 -31.49 -29.65 -29.24 -49.51 -31.59 -79.08 -53.37 -48.72 -31.62 -29.33 -28.76 -48.07
MezzaninesT0_24= -20.12 3.40 -24.21 -22.92 -20.19 -21.70 -24.18 9.82 3.99 -23.81 1.32 -31434.18 -21.38 -23.71 -24.01 -31434.18
MezzaninesT0_25= -25.93 -2.47 -27.03 -1.06 -0.88 -27.31 -2.04 23.86 -0.24 -1.97 -1.46 -27.05 -0.52 -2.12 -1.27 -0.93
MezzaninesT0_26= 10.70 -16.01 10.65 12.23 -14.82 11.16 10.49 -12.66 -15.85 -14.10 10.49 -31434.18 -15.82 10.86 -12.29 -31434.18
MezzaninesT0_27= 11.88 -10.63 -10.32 17.77 11.60 -10.69 -10.34 -6.61 11.94 14.50 15.43 19.11 -13.09 -10.49 17.33 18.77
MezzaninesT0_28= -25.48 -1.68 -54.39 -56.81 -25.28 -26.34 -54.25 -32.11 -25.96 -3.86 -4.44 -31434.18 -51.06 -3.85 -4.63 -31434.18
MezzaninesT0_29= -31.71 -8.57 -33.02 -34.54 -6.86 -8.66 -8.24 -9.60 -31.80 -8.28 -32.56 15.99 -56.62 -8.16 -7.82 -8.67
MezzaninesT0_30= -25.30 -49.85 -48.01 -21.89 -25.40 -22.70 1.68 3.32 -49.00 2.25 1.94 -31434.18 -24.14 2.19 1.64 -31434.18
MezzaninesT0_31= 4.31 -20.23 -42.96 -14.58 4.41 -18.43 6.97 -14.58 -20.35 7.23 -17.50 11.95 4.47 -17.95 -40.25 11.17
