### Spectrometer ROMezzanines T0 file
# Format: Starting from readout ID 0, grouped by 16
#
# Generated on Thu Sep 29 23:07:25 2016
#
MezzaninesT0_00= -198.90 -201.05 -204.09 -204.62 -197.97 -175.94 -204.23 -179.88 -199.15 -201.60 -179.18 -31312.11 -176.08 -176.35 -204.36 -31312.11
MezzaninesT0_01= -181.85 -181.29 -207.22 -206.78 -206.71 -181.52 -181.99 -180.40 -181.77 -205.92 -206.27 -181.64 -206.64 -205.56 -182.58 -207.08
MezzaninesT0_02= -196.20 -194.19 -195.01 -193.15 -194.56 -193.68 -195.00 -168.61 -195.15 -219.60 -193.02 -31312.11 -170.11 -170.09 -193.40 -31312.11
MezzaninesT0_03= -169.36 -164.57 -163.89 -162.22 -194.02 -166.72 -163.14 -161.93 -191.91 -166.03 -162.39 -187.55 -166.95 -166.62 -187.83 -187.68
MezzaninesT0_04= -166.50 -173.66 -197.16 -197.39 -193.87 -169.43 -172.14 -172.30 -197.34 -200.89 -197.02 -31312.11 -193.10 -197.08 -172.29 -31312.11
MezzaninesT0_05= -199.24 -173.89 -174.85 -176.52 -199.27 -199.02 -199.66 -200.25 -173.66 -175.30 -174.55 -175.64 -198.89 -200.18 -174.19 -176.04
MezzaninesT0_06= -163.70 -161.74 -163.44 -161.65 -168.26 -166.17 -163.49 -186.86 -188.59 -188.22 -188.74 -31312.11 -167.44 -164.28 -163.68 -31312.11
MezzaninesT0_07= -186.67 -159.79 -159.07 -155.91 -161.29 -159.96 -183.46 -155.88 -161.73 -184.18 -157.62 -154.50 -161.84 -184.28 -157.08 -180.52
MezzaninesT0_08= -226.85 -227.41 -255.06 -257.62 -247.72 -252.73 -255.01 -232.51 -226.44 -229.54 -230.00 -31312.11 -226.26 -229.74 -229.95 -31312.11
MezzaninesT0_09= -256.85 -258.75 -258.19 -255.10 -232.01 -258.93 -257.64 -228.90 -256.68 -258.07 -257.59 -252.51 -256.81 -258.51 -252.62 -228.71
MezzaninesT0_10= -218.37 -223.47 -221.80 -220.18 -220.70 -246.50 -222.26 -220.29 -248.21 -246.50 -246.89 -31312.11 -248.11 -246.89 -244.88 -31312.11
MezzaninesT0_11= -244.44 -217.63 -216.55 -209.20 -219.47 -217.45 -216.20 -213.11 -219.34 -216.77 -214.10 -211.16 -219.47 -242.29 -211.98 -207.77
MezzaninesT0_12= -259.72 -235.08 -237.50 -240.18 -257.54 -234.90 -262.47 -265.57 -234.19 -237.46 -237.84 -31312.11 -235.10 -262.31 -237.60 -31312.11
MezzaninesT0_13= -263.63 -265.23 -262.40 -262.86 -263.48 -265.07 -262.66 -262.90 -238.07 -239.93 -236.67 -258.48 -237.90 -239.62 -237.09 -233.23
MezzaninesT0_14= -237.53 -239.96 -238.69 -236.67 -235.74 -237.65 -238.93 -237.13 -261.96 -263.40 -263.73 -31312.11 -262.72 -238.19 -238.65 -31312.11
MezzaninesT0_15= -226.15 -251.39 -248.10 -219.78 -226.32 -224.03 -248.57 -240.83 -226.05 -248.55 -222.38 -216.06 -226.16 -223.87 -221.08 -216.74
MezzaninesT0_16= -37.89 -39.76 -42.13 -42.72 -38.86 -39.62 -42.33 -67.64 -39.28 -39.94 -42.06 -31312.11 -39.55 -64.81 -67.39 -31312.11
MezzaninesT0_17= -45.35 -70.17 -71.49 -69.39 -45.58 -45.56 -46.25 -69.58 -70.30 -44.47 -45.36 -45.94 -70.33 -69.32 -45.12 -70.75
MezzaninesT0_18= -34.89 -34.36 -34.74 -57.90 -35.40 -59.68 -59.81 -32.98 -36.13 -34.69 -32.79 -31312.11 -36.30 -34.78 -32.85 -31312.11
MezzaninesT0_19= -56.47 -54.04 -51.20 -49.78 -31.53 -29.13 -26.30 -24.61 -54.10 -28.80 -25.07 -23.41 -54.50 -54.09 -25.37 -23.95
MezzaninesT0_20= -40.56 -41.54 -43.67 -44.00 -40.96 -41.40 -68.94 -68.89 -41.23 -68.58 -43.75 -31312.11 -66.32 -68.42 -68.80 -31312.11
MezzaninesT0_21= -70.60 -45.25 -46.87 -72.07 -45.80 -45.44 -46.70 -72.60 -45.17 -47.22 -46.17 -71.41 -70.56 -72.12 -70.88 -72.57
MezzaninesT0_22= -35.82 -35.30 -35.90 -59.22 -36.42 -60.20 -60.84 -59.19 -36.67 -35.43 -36.04 -31312.11 -61.71 -35.77 -36.29 -31312.11
MezzaninesT0_23= -58.00 -56.81 -56.04 -52.18 -58.67 -56.82 -31.19 -52.96 -33.80 -31.29 -56.01 -51.36 -58.85 -56.36 -56.01 -50.12
MezzaninesT0_24= 2.80 0.70 -1.85 -2.40 2.32 0.80 -26.60 -20.46 1.48 -1.03 -1.14 -31312.11 1.12 -0.95 -1.50 -31312.11
MezzaninesT0_25= -3.18 -4.79 -4.43 -4.54 -3.09 -4.64 -4.37 -2.34 -2.50 -29.24 -4.00 -4.82 -2.86 -29.40 -3.21 1.48
MezzaninesT0_26= 8.15 6.30 8.12 9.77 7.47 33.75 7.95 9.84 6.34 8.26 7.97 -31312.11 6.21 8.27 -14.77 -31312.11
MezzaninesT0_27= 9.52 12.21 12.38 15.36 9.39 12.03 12.42 16.05 -15.21 -12.73 -12.09 -8.36 9.58 12.35 -9.91 16.62
MezzaninesT0_28= -3.02 -29.13 -31.86 -9.26 -3.15 -3.97 -6.79 -9.55 -28.52 -6.37 -31.86 -31312.11 -3.48 -6.35 -31.97 -31312.11
MezzaninesT0_29= -9.00 -35.90 -35.40 -36.66 -9.32 -11.10 -10.60 -36.14 -9.21 -10.71 -10.05 -10.82 -32.66 -10.53 -10.36 -11.06
MezzaninesT0_30= -3.40 -2.05 -0.51 0.79 -3.38 -25.32 -25.64 0.98 -26.64 -0.11 -25.45 -31312.11 -1.69 -0.19 -0.75 -31312.11
MezzaninesT0_31= -23.01 2.39 4.87 8.44 -22.84 4.32 4.95 -17.27 -22.63 4.99 5.54 8.87 -22.79 -20.12 -17.52 8.60
