### Spectrometer ROMezzanines T0 file
# Format: Starting from readout ID 0, grouped by 16
#
# Generated on Thu Sep 29 05:07:05 2016
#
MezzaninesT0_00= -164.89 -190.09 -168.66 -195.03 -189.41 -190.94 -193.89 -195.30 -164.29 -165.86 -194.36 -31302.44 -162.83 -165.00 -169.57 -31302.44
MezzaninesT0_01= -172.43 -171.09 -171.90 -172.13 -172.11 -171.31 -171.61 -169.79 -172.05 -170.39 -170.46 -194.15 -172.14 -170.13 -172.25 -171.84
MezzaninesT0_02= -183.77 -157.92 -159.77 -183.87 -160.41 -156.98 -159.81 -159.07 -159.73 -183.48 -183.20 -31302.44 -161.34 -158.62 -158.50 -31302.44
MezzaninesT0_03= -184.92 -157.02 -177.27 -177.07 -159.82 -156.99 -178.01 -153.36 -182.20 -205.73 -176.82 -149.04 -182.30 -181.24 -176.46 -175.96
MezzaninesT0_04= -162.83 -163.30 -161.99 -162.59 -158.59 -158.75 -161.61 -187.15 -163.10 -165.72 -162.21 -31302.44 -157.51 -161.27 -187.38 -31302.44
MezzaninesT0_05= -164.92 -163.52 -163.99 -166.96 -189.71 -188.34 -189.96 -191.06 -188.93 -189.85 -188.89 -166.91 -189.05 -164.97 -189.76 -166.52
MezzaninesT0_06= -152.18 -151.37 -152.78 -176.83 -182.67 -155.78 -152.56 -177.49 -178.80 -152.19 -153.59 -31302.44 -158.57 -154.21 -178.69 -31302.44
MezzaninesT0_07= -152.09 -174.60 -172.87 -145.38 -151.22 -149.60 -148.03 -143.40 -177.11 -173.86 -172.49 -166.56 -152.02 -148.68 -147.10 -169.90
MezzaninesT0_08= -213.20 -216.26 -244.72 -248.16 -241.65 -241.17 -244.88 -223.17 -240.92 -219.14 -245.27 -31302.44 -216.26 -243.97 -220.28 -31302.44
MezzaninesT0_09= -247.43 -223.46 -221.22 -224.28 -222.85 -248.75 -246.67 -247.61 -221.91 -222.94 -221.60 -223.89 -247.01 -223.09 -221.12 -246.81
MezzaninesT0_10= -234.52 -237.07 -236.69 -235.88 -236.33 -210.57 -237.06 -210.84 -211.38 -210.83 -212.13 -31302.44 -211.14 -235.81 -210.30 -31302.44
MezzaninesT0_11= -235.20 -232.50 -230.83 -201.02 -210.28 -207.76 -204.07 -201.68 -209.88 -206.02 -203.86 -202.67 -209.97 -231.76 -227.41 -228.86
MezzaninesT0_12= -248.80 -248.70 -252.17 -255.02 -223.11 -224.00 -227.22 -230.83 -222.87 -251.61 -228.18 -31302.44 -224.22 -226.75 -227.89 -31302.44
MezzaninesT0_13= -254.20 -254.72 -252.48 -255.43 -228.98 -229.99 -229.25 -228.54 -228.32 -229.88 -228.18 -225.32 -253.15 -254.90 -254.24 -252.51
MezzaninesT0_14= -256.01 -252.29 -253.26 -252.32 -254.20 -251.29 -253.82 -252.71 -227.41 -227.56 -228.96 -31302.44 -226.83 -227.30 -253.98 -31302.44
MezzaninesT0_15= -216.65 -241.47 -237.05 -209.97 -216.78 -214.20 -237.57 -233.13 -216.60 -238.21 -210.84 -234.76 -216.64 -238.48 -234.89 -230.18
MezzaninesT0_16= -29.15 -54.11 -56.70 -57.91 -27.34 -29.01 -57.07 -57.86 -28.19 -29.71 -32.32 -31302.44 -52.81 -53.92 -32.73 -31302.44
MezzaninesT0_17= -60.64 -35.46 -36.10 -35.17 -35.97 -60.22 -61.42 -36.21 -35.75 -34.66 -36.08 -37.02 -35.88 -34.41 -35.35 -36.53
MezzaninesT0_18= -49.15 -48.08 -49.45 -47.74 -25.36 -23.41 -49.88 -22.96 -25.74 -23.77 -23.11 -31302.44 -25.67 -24.28 -23.19 -31302.44
MezzaninesT0_19= -22.11 -19.32 -16.58 -14.14 -22.12 -19.19 -16.21 -40.55 -19.62 -43.78 -15.64 -14.39 -45.04 -19.08 -40.97 -38.72
MezzaninesT0_20= -54.78 -55.83 -58.50 -33.93 -29.69 -30.40 -58.98 -33.70 -55.53 -57.77 -34.10 -31302.44 -30.33 -33.28 -34.23 -31302.44
MezzaninesT0_21= -61.16 -60.05 -61.54 -37.75 -61.23 -35.65 -60.48 -37.02 -60.41 -36.89 -35.34 -36.12 -60.99 -61.93 -60.89 -62.17
MezzaninesT0_22= -51.83 -49.96 -50.85 -24.76 -25.30 -24.87 -25.65 -24.75 -26.66 -25.13 -24.21 -31302.44 -26.26 -25.29 -26.60 -31302.44
MezzaninesT0_23= -23.05 -22.06 -20.87 -17.00 -48.53 -22.16 -21.13 -17.54 -24.45 -46.10 -45.37 -42.17 -49.41 -21.44 -20.13 -17.32
MezzaninesT0_24= 14.09 11.25 8.35 7.95 12.72 11.99 8.36 17.16 12.82 -15.14 8.67 -31302.44 12.38 9.69 -16.61 -31302.44
MezzaninesT0_25= 6.41 4.81 -19.39 -17.59 30.84 5.25 -18.73 -15.36 6.88 5.38 -18.35 -19.79 6.35 5.57 7.39 -11.76
MezzaninesT0_26= 18.88 17.66 18.21 19.61 -5.84 20.07 18.16 19.49 17.84 19.17 -7.06 -31302.44 18.12 19.27 19.94 -31302.44
MezzaninesT0_27= 18.75 21.62 22.53 25.51 18.95 21.49 -2.47 25.84 18.80 21.91 23.41 27.86 -6.25 22.29 25.38 1.60
MezzaninesT0_28= 7.99 6.78 3.03 1.21 8.26 6.59 28.60 0.87 -17.22 -20.76 -22.04 -31302.44 7.14 3.91 2.79 -31302.44
MezzaninesT0_29= -24.30 -26.07 -24.76 -26.58 0.34 -1.49 -0.07 -1.39 0.19 -0.58 0.58 -0.73 0.52 -0.29 0.07 -1.45
MezzaninesT0_30= 7.47 -16.29 -15.27 -14.59 7.31 10.36 9.14 10.57 -15.36 10.09 -15.71 -31302.44 8.46 10.09 8.87 -31302.44
MezzaninesT0_31= -13.52 12.01 14.78 18.63 -13.01 14.02 14.94 -6.99 -13.26 15.45 -8.97 -5.96 -13.42 -10.24 -6.93 -5.94
