### Spectrometer ROMezzanines T0 file
# Format: Starting from readout ID 0, grouped by 16
#
# Generated on Sat Aug  6 14:21:04 2016
#
MezzaninesT0_00= -145.77 -146.51 -149.64 -175.12 -167.75 -171.77 -174.48 -150.31 -170.52 -172.12 -174.70 -31431.91 -170.49 -196.85 -149.93 -31431.91
MezzaninesT0_01= -227.26 -201.44 -176.86 -175.88 -202.10 -201.81 -202.78 -200.00 -202.09 -200.83 -176.82 -177.45 -202.09 -200.22 -202.52 -178.55
MezzaninesT0_02= -165.26 -189.61 -190.47 -213.59 -165.07 -164.68 -165.33 -164.02 -190.55 -214.76 -188.47 -31431.91 -214.60 -190.60 -163.82 -31431.91
MezzaninesT0_03= -164.79 -187.52 -183.53 -183.18 -189.59 -162.30 -183.21 -157.91 -162.35 -186.42 -158.15 -182.09 -212.40 -186.79 -207.14 -182.39
MezzaninesT0_04= -192.35 -193.84 -217.39 -192.84 -212.60 -164.87 -217.41 -192.57 -192.73 -195.92 -192.38 -31431.91 -164.11 -167.35 -167.53 -31431.91
MezzaninesT0_05= -169.55 -168.94 -170.48 -146.78 -169.66 -194.02 -170.28 -171.71 -194.00 -195.69 -195.03 -171.17 -169.26 -195.69 -194.35 -194.51
MezzaninesT0_06= -158.93 -156.68 -159.01 -181.87 -137.15 -186.21 -133.86 -157.34 -184.00 -183.70 -208.94 -31431.91 -212.45 -185.62 -184.21 -31431.91
MezzaninesT0_07= -182.07 -180.27 -179.51 -175.80 -206.20 -180.19 -179.27 -150.48 -157.12 -154.96 -177.79 -150.43 -157.23 -154.87 -178.04 -147.50
MezzaninesT0_08= -245.75 -247.95 -250.32 -228.09 -269.69 -223.23 -250.35 -227.93 -222.30 -225.04 -275.29 -31431.91 -222.01 -225.23 -250.37 -31431.91
MezzaninesT0_09= -252.22 -254.14 -251.49 -227.25 -252.41 -279.23 -226.99 -254.10 -277.03 -253.70 -249.54 -217.62 -227.20 -228.91 -226.31 -216.72
MezzaninesT0_10= -242.21 -244.11 -242.21 -190.59 -243.62 -266.98 -217.55 -240.72 -218.03 -241.97 -217.28 -31431.91 -243.84 -242.10 -240.33 -31431.91
MezzaninesT0_11= -239.83 -238.04 -211.61 -206.52 -214.90 -213.06 -261.11 -207.88 -239.79 -212.07 -210.06 -249.56 -214.92 -237.56 -202.49 -194.18
MezzaninesT0_12= -253.04 -255.46 -257.78 -235.54 -229.32 -255.58 -232.78 -235.90 -230.15 -257.78 -233.03 -31431.91 -255.62 -257.49 -257.84 -31431.91
MezzaninesT0_13= -258.90 -235.58 -259.55 -231.38 -258.79 -235.54 -234.00 -234.29 -233.38 -259.85 -282.41 -227.13 -233.19 -260.40 -234.31 -230.72
MezzaninesT0_14= -258.81 -284.64 -234.28 -257.11 -235.72 -233.71 -259.53 -257.54 -258.42 -283.61 -209.24 -31431.91 -234.11 -283.80 -234.13 -31431.91
MezzaninesT0_15= -246.56 -221.88 -219.03 -214.45 -246.70 -219.69 -244.50 -211.92 -246.47 -244.14 -218.47 -212.20 -271.61 -219.38 -240.75 -209.24
MezzaninesT0_16= -33.35 -35.01 -37.49 -13.21 -58.68 -60.10 -37.70 -62.99 -34.54 -35.49 -62.07 -31431.91 -59.51 -34.92 -37.75 -31431.91
MezzaninesT0_17= -65.64 -65.51 -66.97 -64.78 -40.95 -66.08 -41.48 -88.45 -65.63 -39.93 -65.83 -41.55 -40.84 -39.70 -65.84 -66.55
MezzaninesT0_18= -53.99 -54.54 -30.06 -28.29 -29.40 -4.94 -30.31 -28.21 -31.13 -4.89 -28.12 -31431.91 -56.52 -80.14 -28.17 -31431.91
MezzaninesT0_19= -52.01 -49.63 -46.91 -44.93 -2.05 0.26 -21.82 -19.31 -49.57 -24.31 -45.40 -44.21 -25.05 -49.38 -21.21 -19.38
MezzaninesT0_20= -61.05 -61.85 -64.04 -39.57 -60.06 -61.77 -64.30 -64.45 -35.74 -39.16 -39.10 -31431.91 -61.60 -38.94 -64.25 -31431.91
MezzaninesT0_21= -41.16 -40.72 -67.30 -43.50 -41.32 -65.89 -42.05 -43.01 -40.69 -42.67 -41.64 -42.68 -91.03 -67.61 -41.72 -67.71
MezzaninesT0_22= -31.36 -31.00 -31.53 -29.72 -30.98 -55.76 -31.45 -54.60 -31.66 -56.12 -56.50 -31431.91 -57.20 -31.33 -31.74 -31431.91
MezzaninesT0_23= -28.45 -52.31 -26.81 1.96 -29.27 -52.33 -26.82 1.73 -54.18 -51.66 -51.44 -46.96 -29.36 -52.12 -26.40 -46.50
MezzaninesT0_24= -17.68 5.76 -46.84 -46.15 7.23 -19.24 -21.77 -15.40 -18.63 -21.21 3.82 -31431.91 -44.11 -21.39 -21.61 -31431.91
MezzaninesT0_25= 1.20 -0.26 25.35 -25.03 1.29 -0.11 0.29 0.02 -22.99 -24.71 -24.02 -0.02 26.60 -0.04 0.68 1.45
MezzaninesT0_26= -12.65 -13.70 13.12 14.46 12.64 -11.69 -12.16 -10.42 11.77 -11.85 -12.07 -31431.91 11.29 -11.74 -9.99 -31431.91
MezzaninesT0_27= -10.93 16.54 16.68 20.21 13.87 16.49 16.87 -4.51 14.18 16.55 17.41 -4.52 14.00 16.77 -5.35 20.72
MezzaninesT0_28= 1.64 -24.22 -27.08 -4.76 -48.51 -24.13 -26.98 -29.91 1.31 -26.64 -2.20 -31431.91 1.46 -1.59 -2.30 -31431.91
MezzaninesT0_29= -4.46 -5.34 -5.76 -7.25 -29.78 -6.39 -5.98 -6.77 -29.54 -6.10 -5.31 -6.63 -29.34 -5.88 -5.53 -31.27
MezzaninesT0_30= -48.55 -22.49 4.08 -44.63 -23.36 4.10 -21.19 -19.44 -22.04 -20.63 4.11 -31431.91 2.56 -20.63 3.95 -31431.91
MezzaninesT0_31= -43.43 -18.11 -15.70 -12.45 -18.43 -41.07 9.29 -12.73 -43.03 -15.43 -40.23 -11.40 -18.32 -15.74 11.72 -11.56
