### Spectrometer ROMezzanines T0 file
# Format: Starting from readout ID 0, grouped by 16
#
# Generated on Mon Oct 10 11:03:51 2016
#
MezzaninesT0_00= -197.26 -198.44 -201.80 -202.45 -195.15 -173.63 -202.13 -177.73 -196.34 -199.42 -177.01 -31309.99 -172.33 -174.30 -202.28 -31309.99
MezzaninesT0_01= -179.75 -178.33 -203.69 -203.42 -204.56 -178.89 -179.04 -178.96 -179.36 -202.05 -203.13 -180.67 -204.42 -202.55 -179.07 -204.33
MezzaninesT0_02= -190.98 -191.17 -192.88 -191.04 -191.76 -191.45 -192.74 -166.49 -192.68 -217.12 -190.98 -31309.99 -167.74 -168.13 -191.30 -31309.99
MezzaninesT0_03= -167.32 -164.82 -161.03 -159.24 -192.04 -164.67 -160.67 -159.77 -189.85 -163.62 -160.17 -182.09 -164.87 -163.98 -184.61 -183.54
MezzaninesT0_04= -165.24 -169.28 -195.00 -195.17 -191.42 -167.57 -169.94 -169.83 -189.62 -197.08 -194.95 -31309.99 -190.41 -194.89 -170.11 -31309.99
MezzaninesT0_05= -197.00 -171.23 -172.15 -173.75 -197.09 -196.09 -197.40 -197.57 -171.41 -172.30 -172.37 -171.27 -196.49 -197.28 -171.99 -171.91
MezzaninesT0_06= -158.05 -158.44 -160.41 -158.99 -160.25 -164.43 -160.56 -184.55 -184.74 -184.45 -185.93 -31309.99 -165.86 -162.30 -161.12 -31309.99
MezzaninesT0_07= -183.86 -157.00 -155.86 -151.65 -158.20 -157.21 -180.38 -151.08 -158.98 -181.40 -153.92 -147.65 -159.23 -181.34 -153.43 -173.32
MezzaninesT0_08= -222.51 -225.50 -252.85 -255.43 -247.88 -250.27 -252.88 -230.36 -224.51 -227.49 -227.96 -31309.99 -224.40 -227.58 -227.86 -31309.99
MezzaninesT0_09= -254.63 -256.10 -254.42 -256.08 -229.86 -256.15 -254.44 -230.54 -254.49 -254.77 -254.30 -254.39 -254.63 -255.68 -254.71 -230.02
MezzaninesT0_10= -220.03 -221.26 -219.73 -218.00 -219.86 -244.02 -220.33 -218.18 -245.67 -244.10 -244.84 -31309.99 -245.45 -244.63 -242.91 -31309.99
MezzaninesT0_11= -242.34 -215.46 -213.36 -209.61 -217.41 -215.47 -213.37 -210.36 -217.31 -214.22 -213.05 -208.50 -217.49 -239.71 -210.73 -209.18
MezzaninesT0_12= -256.62 -232.78 -235.32 -237.98 -256.35 -232.68 -260.29 -263.23 -232.33 -235.13 -235.65 -31309.99 -232.63 -259.87 -235.35 -31309.99
MezzaninesT0_13= -261.39 -262.32 -261.92 -263.49 -261.27 -262.43 -262.05 -263.60 -236.04 -237.35 -236.69 -262.80 -235.78 -237.00 -236.66 -234.14
MezzaninesT0_14= -237.46 -236.54 -236.32 -234.55 -237.28 -234.66 -236.60 -235.03 -260.11 -260.48 -261.65 -31309.99 -260.44 -235.16 -236.65 -31309.99
MezzaninesT0_15= -223.99 -249.27 -245.72 -216.30 -224.18 -221.98 -246.11 -241.11 -223.98 -246.31 -219.31 -216.14 -224.11 -221.72 -217.68 -217.00
MezzaninesT0_16= -35.51 -37.27 -39.51 -40.18 -36.21 -36.95 -39.66 -65.02 -36.73 -37.41 -39.39 -31309.99 -36.39 -61.73 -64.83 -31309.99
MezzaninesT0_17= -42.98 -67.46 -67.55 -67.03 -43.04 -42.90 -43.31 -67.13 -67.80 -41.17 -42.35 -44.02 -67.65 -66.28 -42.68 -68.12
MezzaninesT0_18= -33.21 -31.98 -32.56 -55.75 -33.22 -57.35 -57.67 -30.25 -33.94 -32.48 -30.84 -31309.99 -34.20 -32.67 -30.53 -31309.99
MezzaninesT0_19= -54.44 -51.63 -48.50 -46.17 -29.17 -26.60 -23.22 -21.53 -51.81 -26.19 -22.05 -20.69 -52.29 -51.44 -23.17 -20.45
MezzaninesT0_20= -37.37 -39.37 -41.62 -41.85 -38.16 -39.26 -66.92 -66.54 -38.81 -66.15 -41.64 -31309.99 -63.64 -66.46 -66.71 -31309.99
MezzaninesT0_21= -68.44 -42.99 -44.49 -70.69 -43.67 -43.34 -44.17 -70.07 -43.09 -44.92 -43.83 -69.63 -68.47 -69.70 -68.74 -70.02
MezzaninesT0_22= -34.17 -32.48 -33.66 -57.00 -33.66 -57.33 -58.53 -57.08 -34.11 -33.19 -33.95 -31309.99 -58.90 -33.28 -34.16 -31309.99
MezzaninesT0_23= -55.45 -54.27 -53.69 -48.37 -56.05 -54.38 -28.76 -48.40 -31.58 -28.88 -53.36 -48.54 -56.66 -54.06 -53.28 -47.56
MezzaninesT0_24= 6.16 3.21 0.19 0.68 4.94 3.14 -24.53 10.47 3.95 1.64 1.09 -31309.99 3.74 1.56 0.48 -31309.99
MezzaninesT0_25= -0.99 -2.74 -2.41 -0.10 -1.07 -2.56 -2.22 1.99 -0.48 -27.26 -1.29 -1.32 -0.83 -27.23 0.19 5.68
MezzaninesT0_26= 10.64 8.70 9.97 11.78 10.33 36.04 -14.91 12.04 9.74 10.51 -14.94 -31309.99 9.46 10.47 -12.77 -31309.99
MezzaninesT0_27= 11.51 13.98 14.29 18.04 11.34 13.80 14.34 18.23 -13.34 14.10 -9.99 -5.55 11.39 14.27 -7.80 19.36
MezzaninesT0_28= -0.24 -27.06 -29.90 -6.89 -0.50 -1.71 -4.82 -7.32 -25.80 -4.48 -29.85 -31309.99 -1.09 -4.42 -30.05 -31309.99
MezzaninesT0_29= -6.53 -33.88 -33.24 -33.71 -7.05 -9.05 -8.75 -33.51 -7.12 -8.73 -7.69 -8.37 -31.85 -8.51 -7.60 -9.26
MezzaninesT0_30= -0.60 0.38 1.60 2.67 -0.48 -22.93 -23.72 2.99 -23.98 2.15 -23.49 -31309.99 0.96 1.91 1.04 -31309.99
MezzaninesT0_31= -21.04 4.35 6.71 10.48 -20.61 6.25 6.59 -15.06 -20.70 7.02 7.39 12.24 -20.97 -18.12 -15.44 11.58
