### Spectrometer ROMezzanines T0 file
# Format: Starting from readout ID 0, grouped by 16
#
# Generated on Mon Jul 18 11:54:15 2016
#
MezzaninesT0_00= -170.45 -196.47 -175.06 -175.81 -169.87 -171.74 -200.23 -200.96 -170.52 -172.58 -175.23 -31432.59 -170.08 -196.98 -200.47 -31432.59
MezzaninesT0_01= -153.10 -152.21 -177.70 -176.72 -177.92 -177.33 -177.84 -176.90 -202.81 -176.69 -176.92 -179.18 -202.79 -201.36 -201.95 -203.06
MezzaninesT0_02= -189.71 -189.44 -190.88 -189.38 -164.53 -214.26 -165.96 -164.77 -190.06 -190.40 -164.19 -31432.59 -214.98 -190.73 -214.41 -31432.59
MezzaninesT0_03= -165.51 -163.01 -159.05 -158.14 -165.32 -187.92 -183.90 -157.47 -163.00 -186.60 -158.00 -181.60 -213.06 -161.91 -207.84 -182.23
MezzaninesT0_04= -165.56 -169.03 -168.02 -168.51 -163.00 -164.93 -168.08 -168.34 -191.91 -196.31 -193.03 -31432.59 -214.04 -192.90 -193.22 -31432.59
MezzaninesT0_05= -195.30 -169.50 -170.82 -172.46 -170.43 -169.61 -195.81 -172.25 -169.67 -171.00 -170.21 -171.93 -194.84 -196.07 -169.95 -196.91
MezzaninesT0_06= -158.66 -157.02 -159.31 -157.71 -162.33 -160.49 -184.41 -183.01 -158.27 -133.91 -159.76 -31432.59 -161.95 -160.69 -134.78 -31432.59
MezzaninesT0_07= -157.79 -180.74 -129.84 -175.65 -157.11 -155.92 -154.25 -150.58 -157.72 -155.24 -152.87 -150.60 -157.89 -180.37 -153.36 -150.44
MezzaninesT0_08= -315.69 -222.91 -226.08 -253.77 -302.66 -198.47 -201.19 -253.65 -196.80 -225.49 -251.14 -31432.59 -246.80 -225.53 -226.05 -31432.59
MezzaninesT0_09= -252.97 -254.68 -228.00 -227.28 -253.10 -229.89 -252.93 -267.01 -252.77 -278.92 -225.07 -224.17 -251.07 -254.03 -275.49 -187.01
MezzaninesT0_10= -200.32 -219.06 -217.84 -216.33 -216.39 -217.09 -243.16 -216.47 -242.76 -242.36 -217.99 -31432.59 -218.08 -217.67 -216.11 -31432.59
MezzaninesT0_11= -215.56 -213.58 -211.58 -205.48 -215.61 -188.51 -236.46 -231.00 -215.51 -262.52 -234.86 -154.25 -215.55 -238.01 -207.94 -154.82
MezzaninesT0_12= -226.50 -254.36 -257.12 -235.01 -226.50 -229.51 -257.08 -235.30 -228.84 -282.00 -232.43 -31432.59 -278.71 -231.87 -232.19 -31432.59
MezzaninesT0_13= -259.70 -261.01 -259.92 -259.13 -234.56 -261.18 -234.80 -258.36 -259.08 -235.81 -258.87 -199.31 -234.02 -260.61 -258.81 -246.89
MezzaninesT0_14= -229.32 -284.68 -284.64 -232.90 -233.25 -258.40 -234.92 -258.28 -258.42 -259.40 -234.81 -31432.59 -258.56 -234.15 -234.82 -31432.59
MezzaninesT0_15= -222.28 -247.46 -219.19 -213.37 -222.48 -220.33 -194.79 -213.32 -247.13 -244.67 -242.01 -209.56 -247.31 -219.92 -241.35 -236.30
MezzaninesT0_16= -33.32 -35.55 -63.16 -38.87 -57.94 -35.45 -63.30 -38.78 -59.48 -60.84 -38.18 -31432.59 -84.29 -35.78 -38.47 -31432.59
MezzaninesT0_17= -66.26 -41.30 -42.23 -40.67 -66.74 -66.45 -42.33 -41.23 -16.59 -64.82 -41.13 -42.13 -66.11 -15.74 -41.25 -66.74
MezzaninesT0_18= -79.84 -54.97 -30.70 -29.03 -54.93 -30.43 -55.86 -53.70 -31.51 -30.47 -53.82 -31432.59 -56.51 -55.64 -28.89 -31432.59
MezzaninesT0_19= -27.76 -50.26 -72.23 -20.58 -2.80 -25.31 -47.11 -20.26 -50.22 -49.88 -45.86 -69.10 -50.63 -50.01 -46.28 -44.56
MezzaninesT0_20= -35.89 -37.36 -39.65 -65.24 -60.22 -87.47 -40.04 -15.23 -36.56 -39.55 -39.84 -31432.59 -61.68 -64.46 -64.92 -31432.59
MezzaninesT0_21= -41.85 -66.34 -68.06 -68.89 -42.08 -41.59 -42.69 -44.35 -66.33 -68.16 -41.85 -41.98 -66.71 -92.98 -67.09 -68.32
MezzaninesT0_22= -30.68 -31.15 -32.15 -55.44 -31.02 -56.05 -6.94 -30.42 -31.73 -56.63 -32.25 -31432.59 -57.12 -31.73 -32.34 -31432.59
MezzaninesT0_23= -54.27 -27.93 -27.18 -22.64 -30.02 -27.87 -27.42 -22.91 -54.87 -52.49 -26.75 -22.41 -55.02 -27.62 -26.64 -22.54
MezzaninesT0_24= -17.73 5.30 -22.42 -20.37 7.41 -44.57 -47.35 -9.07 -19.10 -21.96 -21.91 -31432.59 -18.88 -46.87 -22.36 -31432.59
MezzaninesT0_25= 0.53 -25.89 -25.25 -23.97 -24.44 -0.75 -25.37 25.69 1.30 -0.45 0.24 -0.34 1.00 -25.52 -24.53 -23.84
MezzaninesT0_26= -12.39 -13.88 12.44 -36.23 12.40 13.01 -12.82 13.80 11.47 12.66 12.16 -31432.59 36.26 -12.20 14.29 -31432.59
MezzaninesT0_27= 13.36 15.98 16.39 -4.88 -11.88 15.81 16.30 19.96 -11.46 -8.84 -7.85 -3.96 13.39 16.03 19.23 20.93
MezzaninesT0_28= 1.76 -24.64 -2.89 -5.41 -23.02 0.50 -2.72 -5.74 -23.99 -2.17 -27.87 -31432.59 1.23 -2.09 -28.04 -31432.59
MezzaninesT0_29= -30.30 -32.02 -6.48 -7.65 -5.65 -7.21 18.27 -32.73 -5.32 -31.81 -5.83 -32.57 -30.09 -31.55 -30.81 -7.51
MezzaninesT0_30= 2.52 2.02 3.50 4.62 -23.06 -46.18 -46.74 -45.19 2.69 3.93 -21.51 -31432.59 27.72 28.82 3.26 -31432.59
MezzaninesT0_31= -19.25 -18.62 -16.14 12.84 -44.11 8.36 -16.10 -12.99 6.28 -41.01 9.54 -11.49 -18.92 8.82 11.29 -10.97