# Total number of ROBoards
NROBoards= 12

# Number of readout boards for each station [one value for each station]
NROBoardsPerStation= 1 1 1 1 1 1 1 1 1 1 1 1

# Mezzanine masks to indicate the enabled mezzanines in each board [one value for each ROBoard]
ROMezzanineMasksPerBoard= 7 7 7 7 7 f f f f f f f

# FPGA map: number of FPGA per readout (DAQ) board (i.e number of TDCs per Tel62) - from run 1423 - December 2014
# "NFPGAs" has to be specified for how many readout boards the sub-detector is using   
NFPGAs= 3 3 3 3 3 4 4 4 4 4 4 4

# Number of 25ns-long slots read [one value for each mezzanine]
NSlots= 11 11 11 11 11 11 11 11 11 11 11 11 11 11 11 11 11 11 11 11 11 11 11 11 11 11 11 11 11 11 11 11 11 11 11 11 11 11 11 11 11 11 11 11 11 11 11 11

# Index of last 25ns-long slot [one value for each mezzanine]
LastSlotID= 7 7 7 7 7 7 7 7 7 7 7 7 7 7 7 7 7 7 7 7 7 7 7 7 7 7 7 7 7 7 7 7 7 7 7 7 7 7 7 7 7 7 7 7 7 7 7 7

# Flag to define the treatment of warning printouts
#0: no warnings
#1: general information event-related 
#2: general information detector-related
#3: maximum detail level
WarningsLevel= 1

# Total number of channels of the readout board (used by RecoBase/src/TDCBRawDecoder.cc)
NROChannels= 6144

#Channel remapping (starting from 0, grouping by 16)
ChRemap_0000= 10000 1010000 10001 1010001 10002 1010002 10003 1010003 10010 1010010 10011 1010011 10012 1010012 10013 1010013
ChRemap_0001= 10020 1010020 10021 1010021 10022 1010022 10023 1010023 10030 1010030 10031 1010031 10032 1010032 10033 1010033
ChRemap_0002= 10040 1010040 10041 1010041 10042 1010042 10043 1010043 10050 1010050 10051 1010051 10052 1010052 10053 1010053
ChRemap_0003= 10060 1010060 10061 1010061 10062 1010062 10063 1010063 10070 1010070 10071 1010071 10072 1010072 10073 1010073
ChRemap_0004= 11000 1011000 11001 1011001 11002 1011002 11003 1011003 11010 1011010 11011 1011011 11012 1011012 11013 1011013
ChRemap_0005= 11020 1011020 11021 1011021 11022 1011022 11023 1011023 11030 1011030 11031 1011031 11032 1011032 11033 1011033
ChRemap_0006= 11040 1011040 11041 1011041 11042 1011042 11043 1011043 11050 1011050 11051 1011051 11052 1011052 11053 1011053
ChRemap_0007= 11060 1011060 11061 1011061 11062 1011062 11063 1011063 11070 1011070 11071 1011071 11072 1011072 11073 1011073
ChRemap_0008= 12000 1012000 12001 1012001 12002 1012002 12003 1012003 12010 1012010 12011 1012011 12012 1012012 12013 1012013
ChRemap_0009= 12020 1012020 12021 1012021 12022 1012022 12023 1012023 12030 1012030 12031 1012031 12032 1012032 12033 1012033
ChRemap_0010= 12040 1012040 12041 1012041 12042 1012042 12043 1012043 12050 1012050 12051 1012051 12052 1012052 12053 1012053
ChRemap_0011= 12060 1012060 12061 1012061 12062 1012062 12063 1012063 12070 1012070 12071 1012071 12072 1012072 12073 1012073
ChRemap_0012= 13000 1013000 13001 1013001 13002 1013002 13003 1013003 13010 1013010 13011 1013011 13012 1013012 13013 1013013
ChRemap_0013= 13020 1013020 13021 1013021 13022 1013022 13023 1013023 13030 1013030 13031 1013031 13032 1013032 13033 1013033
ChRemap_0014= 13040 1013040 13041 1013041 13042 1013042 13043 1013043 13050 1013050 13051 1013051 13052 1013052 13053 1013053
ChRemap_0015= 13060 1013060 13061 1013061 13062 1013062 13063 1013063 13070 1013070 13071 1013071 13072 1013072 13073 1013073
ChRemap_0016= 14000 1014000 14001 1014001 14002 1014002 14003 1014003 14010 1014010 14011 1014011 14012 1014012 14013 1014013
ChRemap_0017= 14020 1014020 14021 1014021 14022 1014022 14023 1014023 14030 1014030 14031 1014031 14032 1014032 14033 1014033
ChRemap_0018= 14040 1014040 14041 1014041 14042 1014042 14043 1014043 14050 1014050 14051 1014051 14052 1014052 14053 1014053
ChRemap_0019= 14060 1014060 14061 1014061 14062 1014062 14063 1014063 14070 1014070 14071 1014071 14072 1014072 14073 1014073
ChRemap_0020= -1 -1 -1 -1 -1 -1 -1 -1 -1 -1 -1 -1 -1 -1 -1 -1
ChRemap_0021= -1 -1 -1 -1 -1 -1 -1 -1 -1 -1 -1 -1 -1 -1 -1 -1
ChRemap_0022= -1 -1 -1 -1 -1 -1 -1 -1 -1 -1 -1 -1 -1 -1 -1 -1
ChRemap_0023= -1 -1 -1 -1 -1 -1 -1 -1 -1 -1 -1 -1 -1 -1 -1 -1
ChRemap_0024= -1 -1 -1 -1 -1 -1 -1 -1 -1 -1 -1 -1 -1 -1 -1 -1
ChRemap_0025= -1 -1 -1 -1 -1 -1 -1 -1 -1 -1 -1 -1 -1 -1 -1 -1
ChRemap_0026= -1 -1 -1 -1 -1 -1 -1 -1 -1 -1 -1 -1 -1 -1 -1 -1
ChRemap_0027= -1 -1 -1 -1 -1 -1 -1 -1 -1 -1 -1 -1 -1 -1 -1 -1
ChRemap_0028= -1 -1 -1 -1 -1 -1 -1 -1 -1 -1 -1 -1 -1 -1 -1 -1
ChRemap_0029= -1 -1 -1 -1 -1 -1 -1 -1 -1 -1 -1 -1 -1 -1 -1 -1
ChRemap_0030= -1 -1 -1 -1 -1 -1 -1 -1 -1 -1 -1 -1 -1 -1 -1 -1
ChRemap_0031= -1 -1 -1 -1 -1 -1 -1 -1 -1 -1 -1 -1 -1 -1 -1 -1
ChRemap_0032= 20000 1020000 20001 1020001 20002 1020002 20003 1020003 20010 1020010 20011 1020011 20012 1020012 20013 1020013
ChRemap_0033= 20020 1020020 20021 1020021 20022 1020022 20023 1020023 20030 1020030 20031 1020031 20032 1020032 20033 1020033
ChRemap_0034= 20040 1020040 20041 1020041 20042 1020042 20043 1020043 20050 1020050 20051 1020051 20052 1020052 20053 1020053
ChRemap_0035= 20060 1020060 20061 1020061 20062 1020062 20063 1020063 20070 1020070 20071 1020071 20072 1020072 20073 1020073
ChRemap_0036= 21000 1021000 21001 1021001 21002 1021002 21003 1021003 21010 1021010 21011 1021011 21012 1021012 21013 1021013
ChRemap_0037= 21020 1021020 21021 1021021 21022 1021022 21023 1021023 21030 1021030 21031 1021031 21032 1021032 21033 1021033
ChRemap_0038= 21040 1021040 21041 1021041 21042 1021042 21043 1021043 21050 1021050 21051 1021051 21052 1021052 21053 1021053
ChRemap_0039= 21060 1021060 21061 1021061 21062 1021062 21063 1021063 21070 1021070 21071 1021071 21072 1021072 21073 1021073
ChRemap_0040= 22000 1022000 22001 1022001 22002 1022002 22003 1022003 22010 1022010 22011 1022011 22012 1022012 22013 1022013
ChRemap_0041= 22020 1022020 22021 1022021 22022 1022022 22023 1022023 22030 1022030 22031 1022031 22032 1022032 22033 1022033
ChRemap_0042= 22040 1022040 22041 1022041 22042 1022042 22043 1022043 22050 1022050 22051 1022051 22052 1022052 22053 1022053
ChRemap_0043= 22060 1022060 22061 1022061 22062 1022062 22063 1022063 22070 1022070 22071 1022071 22072 1022072 22073 1022073
ChRemap_0044= 23000 1023000 23001 1023001 23002 1023002 23003 1023003 23010 1023010 23011 1023011 23012 1023012 23013 1023013
ChRemap_0045= 23020 1023020 23021 1023021 23022 1023022 23023 1023023 23030 1023030 23031 1023031 23032 1023032 23033 1023033
ChRemap_0046= 23040 1023040 23041 1023041 23042 1023042 23043 1023043 23050 1023050 23051 1023051 23052 1023052 23053 1023053
ChRemap_0047= 23060 1023060 23061 1023061 23062 1023062 23063 1023063 23070 1023070 23071 1023071 23072 1023072 23073 1023073
ChRemap_0048= 24000 1024000 24001 1024001 24002 1024002 24003 1024003 24010 1024010 24011 1024011 24012 1024012 24013 1024013
ChRemap_0049= 24020 1024020 24021 1024021 24022 1024022 24023 1024023 24030 1024030 24031 1024031 24032 1024032 24033 1024033
ChRemap_0050= 24040 1024040 24041 1024041 24042 1024042 24043 1024043 24050 1024050 24051 1024051 24052 1024052 24053 1024053
ChRemap_0051= 24060 1024060 24061 1024061 24062 1024062 24063 1024063 24070 1024070 24071 1024071 24072 1024072 24073 1024073
ChRemap_0052= -1 -1 -1 -1 -1 -1 -1 -1 -1 -1 -1 -1 -1 -1 -1 -1
ChRemap_0053= -1 -1 -1 -1 -1 -1 -1 -1 -1 -1 -1 -1 -1 -1 -1 -1
ChRemap_0054= -1 -1 -1 -1 -1 -1 -1 -1 -1 -1 -1 -1 -1 -1 -1 -1
ChRemap_0055= -1 -1 -1 -1 -1 -1 -1 -1 -1 -1 -1 -1 -1 -1 -1 -1
ChRemap_0056= -1 -1 -1 -1 -1 -1 -1 -1 -1 -1 -1 -1 -1 -1 -1 -1
ChRemap_0057= -1 -1 -1 -1 -1 -1 -1 -1 -1 -1 -1 -1 -1 -1 -1 -1
ChRemap_0058= -1 -1 -1 -1 -1 -1 -1 -1 -1 -1 -1 -1 -1 -1 -1 -1
ChRemap_0059= -1 -1 -1 -1 -1 -1 -1 -1 -1 -1 -1 -1 -1 -1 -1 -1
ChRemap_0060= -1 -1 -1 -1 -1 -1 -1 -1 -1 -1 -1 -1 -1 -1 -1 -1
ChRemap_0061= -1 -1 -1 -1 -1 -1 -1 -1 -1 -1 -1 -1 -1 -1 -1 -1
ChRemap_0062= -1 -1 -1 -1 -1 -1 -1 -1 -1 -1 -1 -1 -1 -1 -1 -1
ChRemap_0063= -1 -1 -1 -1 -1 -1 -1 -1 -1 -1 -1 -1 -1 -1 -1 -1
ChRemap_0064= 30000 1030000 30001 1030001 30002 1030002 30003 1030003 30010 1030010 30011 1030011 30012 1030012 30013 1030013
ChRemap_0065= 30020 1030020 30021 1030021 30022 1030022 30023 1030023 30030 1030030 30031 1030031 30032 1030032 30033 1030033
ChRemap_0066= 30040 1030040 30041 1030041 30042 1030042 30043 1030043 30050 1030050 30051 1030051 30052 1030052 30053 1030053
ChRemap_0067= 30060 1030060 30061 1030061 30062 1030062 30063 1030063 30070 1030070 30071 1030071 30072 1030072 30073 1030073
ChRemap_0068= 31000 1031000 31001 1031001 31002 1031002 31003 1031003 31010 1031010 31011 1031011 31012 1031012 31013 1031013
ChRemap_0069= 31020 1031020 31021 1031021 31022 1031022 31023 1031023 31030 1031030 31031 1031031 31032 1031032 31033 1031033
ChRemap_0070= 31040 1031040 31041 1031041 31042 1031042 31043 1031043 31050 1031050 31051 1031051 31052 1031052 31053 1031053
ChRemap_0071= 31060 1031060 31061 1031061 31062 1031062 31063 1031063 31070 1031070 31071 1031071 31072 1031072 31073 1031073
ChRemap_0072= 32000 1032000 32001 1032001 32002 1032002 32003 1032003 32010 1032010 32011 1032011 32012 1032012 32013 1032013
ChRemap_0073= 32020 1032020 32021 1032021 32022 1032022 32023 1032023 32030 1032030 32031 1032031 32032 1032032 32033 1032033
ChRemap_0074= 32040 1032040 32041 1032041 32042 1032042 32043 1032043 32050 1032050 32051 1032051 32052 1032052 32053 1032053
ChRemap_0075= 32060 1032060 32061 1032061 32062 1032062 32063 1032063 32070 1032070 32071 1032071 32072 1032072 32073 1032073
ChRemap_0076= 33000 1033000 33001 1033001 33002 1033002 33003 1033003 33010 1033010 33011 1033011 33012 1033012 33013 1033013
ChRemap_0077= 33020 1033020 33021 1033021 33022 1033022 33023 1033023 33030 1033030 33031 1033031 33032 1033032 33033 1033033
ChRemap_0078= 33040 1033040 33041 1033041 33042 1033042 33043 1033043 33050 1033050 33051 1033051 33052 1033052 33053 1033053
ChRemap_0079= 33060 1033060 33061 1033061 33062 1033062 33063 1033063 33070 1033070 33071 1033071 33072 1033072 33073 1033073
ChRemap_0080= 34000 1034000 34001 1034001 34002 1034002 34003 1034003 34010 1034010 34011 1034011 34012 1034012 34013 1034013
ChRemap_0081= 34020 1034020 34021 1034021 34022 1034022 34023 1034023 34030 1034030 34031 1034031 34032 1034032 34033 1034033
ChRemap_0082= 34040 1034040 34041 1034041 34042 1034042 34043 1034043 34050 1034050 34051 1034051 34052 1034052 34053 1034053
ChRemap_0083= 34060 1034060 34061 1034061 34062 1034062 34063 1034063 34070 1034070 34071 1034071 34072 1034072 34073 1034073
ChRemap_0084= -1 -1 -1 -1 -1 -1 -1 -1 -1 -1 -1 -1 -1 -1 -1 -1
ChRemap_0085= -1 -1 -1 -1 -1 -1 -1 -1 -1 -1 -1 -1 -1 -1 -1 -1
ChRemap_0086= -1 -1 -1 -1 -1 -1 -1 -1 -1 -1 -1 -1 -1 -1 -1 -1
ChRemap_0087= -1 -1 -1 -1 -1 -1 -1 -1 -1 -1 -1 -1 -1 -1 -1 -1
ChRemap_0088= -1 -1 -1 -1 -1 -1 -1 -1 -1 -1 -1 -1 -1 -1 -1 -1
ChRemap_0089= -1 -1 -1 -1 -1 -1 -1 -1 -1 -1 -1 -1 -1 -1 -1 -1
ChRemap_0090= -1 -1 -1 -1 -1 -1 -1 -1 -1 -1 -1 -1 -1 -1 -1 -1
ChRemap_0091= -1 -1 -1 -1 -1 -1 -1 -1 -1 -1 -1 -1 -1 -1 -1 -1
ChRemap_0092= -1 -1 -1 -1 -1 -1 -1 -1 -1 -1 -1 -1 -1 -1 -1 -1
ChRemap_0093= -1 -1 -1 -1 -1 -1 -1 -1 -1 -1 -1 -1 -1 -1 -1 -1
ChRemap_0094= -1 -1 -1 -1 -1 -1 -1 -1 -1 -1 -1 -1 -1 -1 -1 -1
ChRemap_0095= -1 -1 -1 -1 -1 -1 -1 -1 -1 -1 -1 -1 -1 -1 -1 -1
ChRemap_0096= 40000 1040000 40001 1040001 40002 1040002 40003 1040003 40010 1040010 40011 1040011 40012 1040012 40013 1040013
ChRemap_0097= 40020 1040020 40021 1040021 40022 1040022 40023 1040023 40030 1040030 40031 1040031 40032 1040032 40033 1040033
ChRemap_0098= 40040 1040040 40041 1040041 40042 1040042 40043 1040043 40050 1040050 40051 1040051 40052 1040052 40053 1040053
ChRemap_0099= 40060 1040060 40061 1040061 40062 1040062 40063 1040063 40070 1040070 40071 1040071 40072 1040072 40073 1040073
ChRemap_0100= 41000 1041000 41001 1041001 41002 1041002 41003 1041003 41010 1041010 41011 1041011 41012 1041012 41013 1041013
ChRemap_0101= 41020 1041020 41021 1041021 41022 1041022 41023 1041023 41030 1041030 41031 1041031 41032 1041032 41033 1041033
ChRemap_0102= 41040 1041040 41041 1041041 41042 1041042 41043 1041043 41050 1041050 41051 1041051 41052 1041052 41053 1041053
ChRemap_0103= 41060 1041060 41061 1041061 41062 1041062 41063 1041063 41070 1041070 41071 1041071 41072 1041072 41073 1041073
ChRemap_0104= 42000 1042000 42001 1042001 42002 1042002 42003 1042003 42010 1042010 42011 1042011 42012 1042012 42013 1042013
ChRemap_0105= 42020 1042020 42021 1042021 42022 1042022 42023 1042023 42030 1042030 42031 1042031 42032 1042032 42033 1042033
ChRemap_0106= 42040 1042040 42041 1042041 42042 1042042 42043 1042043 42050 1042050 42051 1042051 42052 1042052 42053 1042053
ChRemap_0107= 42060 1042060 42061 1042061 42062 1042062 42063 1042063 42070 1042070 42071 1042071 42072 1042072 42073 1042073
ChRemap_0108= 43000 1043000 43001 1043001 43002 1043002 43003 1043003 43010 1043010 43011 1043011 43012 1043012 43013 1043013
ChRemap_0109= 43020 1043020 43021 1043021 43022 1043022 43023 1043023 43030 1043030 43031 1043031 43032 1043032 43033 1043033
ChRemap_0110= 43040 1043040 43041 1043041 43042 1043042 43043 1043043 43050 1043050 43051 1043051 43052 1043052 43053 1043053
ChRemap_0111= 43060 1043060 43061 1043061 43062 1043062 43063 1043063 43070 1043070 43071 1043071 43072 1043072 43073 1043073
ChRemap_0112= 44000 1044000 44001 1044001 44002 1044002 44003 1044003 44010 1044010 44011 1044011 44012 1044012 44013 1044013
ChRemap_0113= 44020 1044020 44021 1044021 44022 1044022 44023 1044023 44030 1044030 44031 1044031 44032 1044032 44033 1044033
ChRemap_0114= 44040 1044040 44041 1044041 44042 1044042 44043 1044043 44050 1044050 44051 1044051 44052 1044052 44053 1044053
ChRemap_0115= 44060 1044060 44061 1044061 44062 1044062 44063 1044063 44070 1044070 44071 1044071 44072 1044072 44073 1044073
ChRemap_0116= -1 -1 -1 -1 -1 -1 -1 -1 -1 -1 -1 -1 -1 -1 -1 -1
ChRemap_0117= -1 -1 -1 -1 -1 -1 -1 -1 -1 -1 -1 -1 -1 -1 -1 -1
ChRemap_0118= -1 -1 -1 -1 -1 -1 -1 -1 -1 -1 -1 -1 -1 -1 -1 -1
ChRemap_0119= -1 -1 -1 -1 -1 -1 -1 -1 -1 -1 -1 -1 -1 -1 -1 -1
ChRemap_0120= -1 -1 -1 -1 -1 -1 -1 -1 -1 -1 -1 -1 -1 -1 -1 -1
ChRemap_0121= -1 -1 -1 -1 -1 -1 -1 -1 -1 -1 -1 -1 -1 -1 -1 -1
ChRemap_0122= -1 -1 -1 -1 -1 -1 -1 -1 -1 -1 -1 -1 -1 -1 -1 -1
ChRemap_0123= -1 -1 -1 -1 -1 -1 -1 -1 -1 -1 -1 -1 -1 -1 -1 -1
ChRemap_0124= -1 -1 -1 -1 -1 -1 -1 -1 -1 -1 -1 -1 -1 -1 -1 -1
ChRemap_0125= -1 -1 -1 -1 -1 -1 -1 -1 -1 -1 -1 -1 -1 -1 -1 -1
ChRemap_0126= -1 -1 -1 -1 -1 -1 -1 -1 -1 -1 -1 -1 -1 -1 -1 -1
ChRemap_0127= -1 -1 -1 -1 -1 -1 -1 -1 -1 -1 -1 -1 -1 -1 -1 -1
ChRemap_0128= 50000 1050000 50001 1050001 50002 1050002 50003 1050003 50010 1050010 50011 1050011 50012 1050012 50013 1050013
ChRemap_0129= 50020 1050020 50021 1050021 50022 1050022 50023 1050023 50030 1050030 50031 1050031 50032 1050032 50033 1050033
ChRemap_0130= 50040 1050040 50041 1050041 50042 1050042 50043 1050043 50050 1050050 50051 1050051 50052 1050052 50053 1050053
ChRemap_0131= 50060 1050060 50061 1050061 50062 1050062 50063 1050063 50070 1050070 50071 1050071 50072 1050072 50073 1050073
ChRemap_0132= 51000 1051000 51001 1051001 51002 1051002 51003 1051003 51010 1051010 51011 1051011 51012 1051012 51013 1051013
ChRemap_0133= 51020 1051020 51021 1051021 51022 1051022 51023 1051023 51030 1051030 51031 1051031 51032 1051032 51033 1051033
ChRemap_0134= 51040 1051040 51041 1051041 51042 1051042 51043 1051043 51050 1051050 51051 1051051 51052 1051052 51053 1051053
ChRemap_0135= 51060 1051060 51061 1051061 51062 1051062 51063 1051063 51070 1051070 51071 1051071 51072 1051072 51073 1051073
ChRemap_0136= 52000 1052000 52001 1052001 52002 1052002 52003 1052003 52010 1052010 52011 1052011 52012 1052012 52013 1052013
ChRemap_0137= 52020 1052020 52021 1052021 52022 1052022 52023 1052023 52030 1052030 52031 1052031 52032 1052032 52033 1052033
ChRemap_0138= 52040 1052040 52041 1052041 52042 1052042 52043 1052043 52050 1052050 52051 1052051 52052 1052052 52053 1052053
ChRemap_0139= 52060 1052060 52061 1052061 52062 1052062 52063 1052063 52070 1052070 52071 1052071 52072 1052072 52073 1052073
ChRemap_0140= 53000 1053000 53001 1053001 53002 1053002 53003 1053003 53010 1053010 53011 1053011 53012 1053012 53013 1053013
ChRemap_0141= 53020 1053020 53021 1053021 53022 1053022 53023 1053023 53030 1053030 53031 1053031 53032 1053032 53033 1053033
ChRemap_0142= 53040 1053040 53041 1053041 53042 1053042 53043 1053043 53050 1053050 53051 1053051 53052 1053052 53053 1053053
ChRemap_0143= 53060 1053060 53061 1053061 53062 1053062 53063 1053063 53070 1053070 53071 1053071 53072 1053072 53073 1053073
ChRemap_0144= 54000 1054000 54001 1054001 54002 1054002 54003 1054003 54010 1054010 54011 1054011 54012 1054012 54013 1054013
ChRemap_0145= 54020 1054020 54021 1054021 54022 1054022 54023 1054023 54030 1054030 54031 1054031 54032 1054032 54033 1054033
ChRemap_0146= 54040 1054040 54041 1054041 54042 1054042 54043 1054043 54050 1054050 54051 1054051 54052 1054052 54053 1054053
ChRemap_0147= 54060 1054060 54061 1054061 54062 1054062 54063 1054063 54070 1054070 54071 1054071 54072 1054072 54073 1054073
ChRemap_0148= -1 -1 -1 -1 -1 -1 -1 -1 -1 -1 -1 -1 -1 -1 -1 -1
ChRemap_0149= -1 -1 -1 -1 -1 -1 -1 -1 -1 -1 -1 -1 -1 -1 -1 -1
ChRemap_0150= -1 -1 -1 -1 -1 -1 -1 -1 -1 -1 -1 -1 -1 -1 -1 -1
ChRemap_0151= -1 -1 -1 -1 -1 -1 -1 -1 -1 -1 -1 -1 -1 -1 -1 -1
ChRemap_0152= -1 -1 -1 -1 -1 -1 -1 -1 -1 -1 -1 -1 -1 -1 -1 -1
ChRemap_0153= -1 -1 -1 -1 -1 -1 -1 -1 -1 -1 -1 -1 -1 -1 -1 -1
ChRemap_0154= -1 -1 -1 -1 -1 -1 -1 -1 -1 -1 -1 -1 -1 -1 -1 -1
ChRemap_0155= -1 -1 -1 -1 -1 -1 -1 -1 -1 -1 -1 -1 -1 -1 -1 -1
ChRemap_0156= -1 -1 -1 -1 -1 -1 -1 -1 -1 -1 -1 -1 -1 -1 -1 -1
ChRemap_0157= -1 -1 -1 -1 -1 -1 -1 -1 -1 -1 -1 -1 -1 -1 -1 -1
ChRemap_0158= -1 -1 -1 -1 -1 -1 -1 -1 -1 -1 -1 -1 -1 -1 -1 -1
ChRemap_0159= -1 -1 -1 -1 -1 -1 -1 -1 -1 -1 -1 -1 -1 -1 -1 -1
ChRemap_0160= 60000 1060000 60001 1060001 60002 1060002 60003 1060003 60010 1060010 60011 1060011 60012 1060012 60013 1060013
ChRemap_0161= 60020 1060020 60021 1060021 60022 1060022 60023 1060023 60030 1060030 60031 1060031 60032 1060032 60033 1060033
ChRemap_0162= 60040 1060040 60041 1060041 60042 1060042 60043 1060043 60050 1060050 60051 1060051 60052 1060052 60053 1060053
ChRemap_0163= 60060 1060060 60061 1060061 60062 1060062 60063 1060063 60070 1060070 60071 1060071 60072 1060072 60073 1060073
ChRemap_0164= 60080 1060080 60081 1060081 60082 1060082 60083 1060083 60090 1060090 60091 1060091 60092 1060092 60093 1060093
ChRemap_0165= 60100 1060100 60101 1060101 60102 1060102 60103 1060103 60110 1060110 60111 1060111 60112 1060112 60113 1060113
ChRemap_0166= 61000 1061000 61001 1061001 61002 1061002 61003 1061003 61010 1061010 61011 1061011 61012 1061012 61013 1061013
ChRemap_0167= 61020 1061020 61021 1061021 61022 1061022 61023 1061023 61030 1061030 61031 1061031 61032 1061032 61033 1061033
ChRemap_0168= 61040 1061040 61041 1061041 61042 1061042 61043 1061043 61050 1061050 61051 1061051 61052 1061052 61053 1061053
ChRemap_0169= 61060 1061060 61061 1061061 61062 1061062 61063 1061063 61070 1061070 61071 1061071 61072 1061072 61073 1061073
ChRemap_0170= 61080 1061080 61081 1061081 61082 1061082 61083 1061083 61090 1061090 61091 1061091 61092 1061092 61093 1061093
ChRemap_0171= 61100 1061100 61101 1061101 61102 1061102 61103 1061103 61110 1061110 61111 1061111 61112 1061112 61113 1061113
ChRemap_0172= 62000 1062000 62001 1062001 62002 1062002 62003 1062003 62010 1062010 62011 1062011 62012 1062012 62013 1062013
ChRemap_0173= 62020 1062020 62021 1062021 62022 1062022 62023 1062023 62030 1062030 62031 1062031 62032 1062032 62033 1062033
ChRemap_0174= 62040 1062040 62041 1062041 62042 1062042 62043 1062043 62050 1062050 62051 1062051 62052 1062052 62053 1062053
ChRemap_0175= 62060 1062060 62061 1062061 62062 1062062 62063 1062063 62070 1062070 62071 1062071 62072 1062072 62073 1062073
ChRemap_0176= 62080 1062080 62081 1062081 62082 1062082 62083 1062083 62090 1062090 62091 1062091 62092 1062092 62093 1062093
ChRemap_0177= 62100 1062100 62101 1062101 62102 1062102 62103 1062103 62110 1062110 62111 1062111 62112 1062112 62113 1062113
ChRemap_0178= 63000 1063000 63001 1063001 63002 1063002 63003 1063003 63010 1063010 63011 1063011 63012 1063012 63013 1063013
ChRemap_0179= 63020 1063020 63021 1063021 63022 1063022 63023 1063023 63030 1063030 63031 1063031 63032 1063032 63033 1063033
ChRemap_0180= 63040 1063040 63041 1063041 63042 1063042 63043 1063043 63050 1063050 63051 1063051 63052 1063052 63053 1063053
ChRemap_0181= 63060 1063060 63061 1063061 63062 1063062 63063 1063063 63070 1063070 63071 1063071 63072 1063072 63073 1063073
ChRemap_0182= 63080 1063080 63081 1063081 63082 1063082 63083 1063083 63090 1063090 63091 1063091 63092 1063092 63093 1063093
ChRemap_0183= 63100 1063100 63101 1063101 63102 1063102 63103 1063103 63110 1063110 63111 1063111 63112 1063112 63113 1063113
ChRemap_0184= 64000 1064000 64001 1064001 64002 1064002 64003 1064003 64010 1064010 64011 1064011 64012 1064012 64013 1064013
ChRemap_0185= 64020 1064020 64021 1064021 64022 1064022 64023 1064023 64030 1064030 64031 1064031 64032 1064032 64033 1064033
ChRemap_0186= 64040 1064040 64041 1064041 64042 1064042 64043 1064043 64050 1064050 64051 1064051 64052 1064052 64053 1064053
ChRemap_0187= 64060 1064060 64061 1064061 64062 1064062 64063 1064063 64070 1064070 64071 1064071 64072 1064072 64073 1064073
ChRemap_0188= 64080 1064080 64081 1064081 64082 1064082 64083 1064083 64090 1064090 64091 1064091 64092 1064092 64093 1064093
ChRemap_0189= 64100 1064100 64101 1064101 64102 1064102 64103 1064103 64110 1064110 64111 1064111 64112 1064112 64113 1064113
ChRemap_0190= -1 -1 -1 -1 -1 -1 -1 -1 -1 -1 -1 -1 -1 -1 -1 -1
ChRemap_0191= -1 -1 -1 -1 -1 -1 -1 -1 -1 -1 -1 -1 -1 -1 -1 -1
ChRemap_0192= 70000 1070000 70001 1070001 70002 1070002 70003 1070003 70010 1070010 70011 1070011 70012 1070012 70013 1070013
ChRemap_0193= 70020 1070020 70021 1070021 70022 1070022 70023 1070023 70030 1070030 70031 1070031 70032 1070032 70033 1070033
ChRemap_0194= 70040 1070040 70041 1070041 70042 1070042 70043 1070043 70050 1070050 70051 1070051 70052 1070052 70053 1070053
ChRemap_0195= 70060 1070060 70061 1070061 70062 1070062 70063 1070063 70070 1070070 70071 1070071 70072 1070072 70073 1070073
ChRemap_0196= 70080 1070080 70081 1070081 70082 1070082 70083 1070083 70090 1070090 70091 1070091 70092 1070092 70093 1070093
ChRemap_0197= 70100 1070100 70101 1070101 70102 1070102 70103 1070103 70110 1070110 70111 1070111 70112 1070112 70113 1070113
ChRemap_0198= 71000 1071000 71001 1071001 71002 1071002 71003 1071003 71010 1071010 71011 1071011 71012 1071012 71013 1071013
ChRemap_0199= 71020 1071020 71021 1071021 71022 1071022 71023 1071023 71030 1071030 71031 1071031 71032 1071032 71033 1071033
ChRemap_0200= 71040 1071040 71041 1071041 71042 1071042 71043 1071043 71050 1071050 71051 1071051 71052 1071052 71053 1071053
ChRemap_0201= 71060 1071060 71061 1071061 71062 1071062 71063 1071063 71070 1071070 71071 1071071 71072 1071072 71073 1071073
ChRemap_0202= 71080 1071080 71081 1071081 71082 1071082 71083 1071083 71090 1071090 71091 1071091 71092 1071092 71093 1071093
ChRemap_0203= 71100 1071100 71101 1071101 71102 1071102 71103 1071103 71110 1071110 71111 1071111 71112 1071112 71113 1071113
ChRemap_0204= 72000 1072000 72001 1072001 72002 1072002 72003 1072003 72010 1072010 72011 1072011 72012 1072012 72013 1072013
ChRemap_0205= 72020 1072020 72021 1072021 72022 1072022 72023 1072023 72030 1072030 72031 1072031 72032 1072032 72033 1072033
ChRemap_0206= 72040 1072040 72041 1072041 72042 1072042 72043 1072043 72050 1072050 72051 1072051 72052 1072052 72053 1072053
ChRemap_0207= 72060 1072060 72061 1072061 72062 1072062 72063 1072063 72070 1072070 72071 1072071 72072 1072072 72073 1072073
ChRemap_0208= 72080 1072080 72081 1072081 72082 1072082 72083 1072083 72090 1072090 72091 1072091 72092 1072092 72093 1072093
ChRemap_0209= 72100 1072100 72101 1072101 72102 1072102 72103 1072103 72110 1072110 72111 1072111 72112 1072112 72113 1072113
ChRemap_0210= 73000 1073000 73001 1073001 73002 1073002 73003 1073003 73010 1073010 73011 1073011 73012 1073012 73013 1073013
ChRemap_0211= 73020 1073020 73021 1073021 73022 1073022 73023 1073023 73030 1073030 73031 1073031 73032 1073032 73033 1073033
ChRemap_0212= 73040 1073040 73041 1073041 73042 1073042 73043 1073043 73050 1073050 73051 1073051 73052 1073052 73053 1073053
ChRemap_0213= 73060 1073060 73061 1073061 73062 1073062 73063 1073063 73070 1073070 73071 1073071 73072 1073072 73073 1073073
ChRemap_0214= 73080 1073080 73081 1073081 73082 1073082 73083 1073083 73090 1073090 73091 1073091 73092 1073092 73093 1073093
ChRemap_0215= 73100 1073100 73101 1073101 73102 1073102 73103 1073103 73110 1073110 73111 1073111 73112 1073112 73113 1073113
ChRemap_0216= 74000 1074000 74001 1074001 74002 1074002 74003 1074003 74010 1074010 74011 1074011 74012 1074012 74013 1074013
ChRemap_0217= 74020 1074020 74021 1074021 74022 1074022 74023 1074023 74030 1074030 74031 1074031 74032 1074032 74033 1074033
ChRemap_0218= 74040 1074040 74041 1074041 74042 1074042 74043 1074043 74050 1074050 74051 1074051 74052 1074052 74053 1074053
ChRemap_0219= 74060 1074060 74061 1074061 74062 1074062 74063 1074063 74070 1074070 74071 1074071 74072 1074072 74073 1074073
ChRemap_0220= 74080 1074080 74081 1074081 74082 1074082 74083 1074083 74090 1074090 74091 1074091 74092 1074092 74093 1074093
ChRemap_0221= 74100 1074100 74101 1074101 74102 1074102 74103 1074103 74110 1074110 74111 1074111 74112 1074112 74113 1074113
ChRemap_0222= -1 -1 -1 -1 -1 -1 -1 -1 -1 -1 -1 -1 -1 -1 -1 -1
ChRemap_0223= -1 -1 -1 -1 -1 -1 -1 -1 -1 -1 -1 -1 -1 -1 -1 -1
ChRemap_0224= 80000 1080000 80001 1080001 80002 1080002 80003 1080003 80010 1080010 80011 1080011 80012 1080012 80013 1080013
ChRemap_0225= 80020 1080020 80021 1080021 80022 1080022 80023 1080023 80030 1080030 80031 1080031 80032 1080032 80033 1080033
ChRemap_0226= 80040 1080040 80041 1080041 80042 1080042 80043 1080043 80050 1080050 80051 1080051 80052 1080052 80053 1080053
ChRemap_0227= 80060 1080060 80061 1080061 80062 1080062 80063 1080063 80070 1080070 80071 1080071 80072 1080072 80073 1080073
ChRemap_0228= 80080 1080080 80081 1080081 80082 1080082 80083 1080083 80090 1080090 80091 1080091 80092 1080092 80093 1080093
ChRemap_0229= 80100 1080100 80101 1080101 80102 1080102 80103 1080103 80110 1080110 80111 1080111 80112 1080112 80113 1080113
ChRemap_0230= 81000 1081000 81001 1081001 81002 1081002 81003 1081003 81010 1081010 81011 1081011 81012 1081012 81013 1081013
ChRemap_0231= 81020 1081020 81021 1081021 81022 1081022 81023 1081023 81030 1081030 81031 1081031 81032 1081032 81033 1081033
ChRemap_0232= 81040 1081040 81041 1081041 81042 1081042 81043 1081043 81050 1081050 81051 1081051 81052 1081052 81053 1081053
ChRemap_0233= 81060 1081060 81061 1081061 81062 1081062 81063 1081063 81070 1081070 81071 1081071 81072 1081072 81073 1081073
ChRemap_0234= 81080 1081080 81081 1081081 81082 1081082 81083 1081083 81090 1081090 81091 1081091 81092 1081092 81093 1081093
ChRemap_0235= 81100 1081100 81101 1081101 81102 1081102 81103 1081103 81110 1081110 81111 1081111 81112 1081112 81113 1081113
ChRemap_0236= 82000 1082000 82001 1082001 82002 1082002 82003 1082003 82010 1082010 82011 1082011 82012 1082012 82013 1082013
ChRemap_0237= 82020 1082020 82021 1082021 82022 1082022 82023 1082023 82030 1082030 82031 1082031 82032 1082032 82033 1082033
ChRemap_0238= 82040 1082040 82041 1082041 82042 1082042 82043 1082043 82050 1082050 82051 1082051 82052 1082052 82053 1082053
ChRemap_0239= 82060 1082060 82061 1082061 82062 1082062 82063 1082063 82070 1082070 82071 1082071 82072 1082072 82073 1082073
ChRemap_0240= 82080 1082080 82081 1082081 82082 1082082 82083 1082083 82090 1082090 82091 1082091 82092 1082092 82093 1082093
ChRemap_0241= 82100 1082100 82101 1082101 82102 1082102 82103 1082103 82110 1082110 82111 1082111 82112 1082112 82113 1082113
ChRemap_0242= 83000 1083000 83001 1083001 83002 1083002 83003 1083003 83010 1083010 83011 1083011 83012 1083012 83013 1083013
ChRemap_0243= 83020 1083020 83021 1083021 83022 1083022 83023 1083023 83030 1083030 83031 1083031 83032 1083032 83033 1083033
ChRemap_0244= 83040 1083040 83041 1083041 83042 1083042 83043 1083043 83050 1083050 83051 1083051 83052 1083052 83053 1083053
ChRemap_0245= 83060 1083060 83061 1083061 83062 1083062 83063 1083063 83070 1083070 83071 1083071 83072 1083072 83073 1083073
ChRemap_0246= 83080 1083080 83081 1083081 83082 1083082 83083 1083083 83090 1083090 83091 1083091 83092 1083092 83093 1083093
ChRemap_0247= 83100 1083100 83101 1083101 83102 1083102 83103 1083103 83110 1083110 83111 1083111 83112 1083112 83113 1083113
ChRemap_0248= 84000 1084000 84001 1084001 84002 1084002 84003 1084003 84010 1084010 84011 1084011 84012 1084012 84013 1084013
ChRemap_0249= 84020 1084020 84021 1084021 84022 1084022 84023 1084023 84030 1084030 84031 1084031 84032 1084032 84033 1084033
ChRemap_0250= 84040 1084040 84041 1084041 84042 1084042 84043 1084043 84050 1084050 84051 1084051 84052 1084052 84053 1084053
ChRemap_0251= 84060 1084060 84061 1084061 84062 1084062 84063 1084063 84070 1084070 84071 1084071 84072 1084072 84073 1084073
ChRemap_0252= 84080 1084080 84081 1084081 84082 1084082 84083 1084083 84090 1084090 84091 1084091 84092 1084092 84093 1084093
ChRemap_0253= 84100 1084100 84101 1084101 84102 1084102 84103 1084103 84110 1084110 84111 1084111 84112 1084112 84113 1084113
ChRemap_0254= -1 -1 -1 -1 -1 -1 -1 -1 -1 -1 -1 -1 -1 -1 -1 -1
ChRemap_0255= -1 -1 -1 -1 -1 -1 -1 -1 -1 -1 -1 -1 -1 -1 -1 -1
ChRemap_0256= 90000 1090000 90001 1090001 90002 1090002 90003 1090003 90010 1090010 90011 1090011 90012 1090012 90013 1090013
ChRemap_0257= 90020 1090020 90021 1090021 90022 1090022 90023 1090023 90030 1090030 90031 1090031 90032 1090032 90033 1090033
ChRemap_0258= 90040 1090040 90041 1090041 90042 1090042 90043 1090043 90050 1090050 90051 1090051 90052 1090052 90053 1090053
ChRemap_0259= 90060 1090060 90061 1090061 90062 1090062 90063 1090063 90070 1090070 90071 1090071 90072 1090072 90073 1090073
ChRemap_0260= 90080 1090080 90081 1090081 90082 1090082 90083 1090083 90090 1090090 90091 1090091 90092 1090092 90093 1090093
ChRemap_0261= 90100 1090100 90101 1090101 90102 1090102 90103 1090103 90110 1090110 90111 1090111 90112 1090112 90113 1090113
ChRemap_0262= 90120 1090120 90121 1090121 90122 1090122 90123 1090123 90130 1090130 90131 1090131 90132 1090132 90133 1090133
ChRemap_0263= 90140 1090140 90141 1090141 90142 1090142 90143 1090143 -1 -1 -1 -1 -1 -1 -1 -1
ChRemap_0264= 91000 1091000 91001 1091001 91002 1091002 91003 1091003 91010 1091010 91011 1091011 91012 1091012 91013 1091013
ChRemap_0265= 91020 1091020 91021 1091021 91022 1091022 91023 1091023 91030 1091030 91031 1091031 91032 1091032 91033 1091033
ChRemap_0266= 91040 1091040 91041 1091041 91042 1091042 91043 1091043 91050 1091050 91051 1091051 91052 1091052 91053 1091053
ChRemap_0267= 91060 1091060 91061 1091061 91062 1091062 91063 1091063 91070 1091070 91071 1091071 91072 1091072 91073 1091073
ChRemap_0268= 91080 1091080 91081 1091081 91082 1091082 91083 1091083 91090 1091090 91091 1091091 91092 1091092 91093 1091093
ChRemap_0269= 91100 1091100 91101 1091101 91102 1091102 91103 1091103 91110 1091110 91111 1091111 91112 1091112 91113 1091113
ChRemap_0270= 91120 1091120 91121 1091121 91122 1091122 91123 1091123 91130 1091130 91131 1091131 91132 1091132 91133 1091133
ChRemap_0271= 91140 1091140 91141 1091141 91142 1091142 91143 1091143 -1 -1 -1 -1 -1 -1 -1 -1
ChRemap_0272= 92000 1092000 92001 1092001 92002 1092002 92003 1092003 92010 1092010 92011 1092011 92012 1092012 92013 1092013
ChRemap_0273= 92020 1092020 92021 1092021 92022 1092022 92023 1092023 92030 1092030 92031 1092031 92032 1092032 92033 1092033
ChRemap_0274= 92040 1092040 92041 1092041 92042 1092042 92043 1092043 92050 1092050 92051 1092051 92052 1092052 92053 1092053
ChRemap_0275= 92060 1092060 92061 1092061 92062 1092062 92063 1092063 92070 1092070 92071 1092071 92072 1092072 92073 1092073
ChRemap_0276= 92080 1092080 92081 1092081 92082 1092082 92083 1092083 92090 1092090 92091 1092091 92092 1092092 92093 1092093
ChRemap_0277= 92100 1092100 92101 1092101 92102 1092102 92103 1092103 92110 1092110 92111 1092111 92112 1092112 92113 1092113
ChRemap_0278= 92120 1092120 92121 1092121 92122 1092122 92123 1092123 92130 1092130 92131 1092131 92132 1092132 92133 1092133
ChRemap_0279= 92140 1092140 92141 1092141 92142 1092142 92143 1092143 -1 -1 -1 -1 -1 -1 -1 -1
ChRemap_0280= 93000 1093000 93001 1093001 93002 1093002 93003 1093003 93010 1093010 93011 1093011 93012 1093012 93013 1093013
ChRemap_0281= 93020 1093020 93021 1093021 93022 1093022 93023 1093023 93030 1093030 93031 1093031 93032 1093032 93033 1093033
ChRemap_0282= 93040 1093040 93041 1093041 93042 1093042 93043 1093043 93050 1093050 93051 1093051 93052 1093052 93053 1093053
ChRemap_0283= 93060 1093060 93061 1093061 93062 1093062 93063 1093063 93070 1093070 93071 1093071 93072 1093072 93073 1093073
ChRemap_0284= 93080 1093080 93081 1093081 93082 1093082 93083 1093083 93090 1093090 93091 1093091 93092 1093092 93093 1093093
ChRemap_0285= 93100 1093100 93101 1093101 93102 1093102 93103 1093103 93110 1093110 93111 1093111 93112 1093112 93113 1093113
ChRemap_0286= 93120 1093120 93121 1093121 93122 1093122 93123 1093123 93130 1093130 93131 1093131 93132 1093132 93133 1093133
ChRemap_0287= 93140 1093140 93141 1093141 93142 1093142 93143 1093143 -1 -1 -1 -1 -1 -1 -1 -1
ChRemap_0288= 100000 1100000 100001 1100001 100002 1100002 100003 1100003 100010 1100010 100011 1100011 100012 1100012 100013 1100013
ChRemap_0289= 100020 1100020 100021 1100021 100022 1100022 100023 1100023 100030 1100030 100031 1100031 100032 1100032 100033 1100033
ChRemap_0290= 100040 1100040 100041 1100041 100042 1100042 100043 1100043 100050 1100050 100051 1100051 100052 1100052 100053 1100053
ChRemap_0291= 100060 1100060 100061 1100061 100062 1100062 100063 1100063 100070 1100070 100071 1100071 100072 1100072 100073 1100073
ChRemap_0292= 100080 1100080 100081 1100081 100082 1100082 100083 1100083 100090 1100090 100091 1100091 100092 1100092 100093 1100093
ChRemap_0293= 100100 1100100 100101 1100101 100102 1100102 100103 1100103 100110 1100110 100111 1100111 100112 1100112 100113 1100113
ChRemap_0294= 100120 1100120 100121 1100121 100122 1100122 100123 1100123 100130 1100130 100131 1100131 100132 1100132 100133 1100133
ChRemap_0295= 100140 1100140 100141 1100141 100142 1100142 100143 1100143 -1 -1 -1 -1 -1 -1 -1 -1
ChRemap_0296= 101000 1101000 101001 1101001 101002 1101002 101003 1101003 101010 1101010 101011 1101011 101012 1101012 101013 1101013
ChRemap_0297= 101020 1101020 101021 1101021 101022 1101022 101023 1101023 101030 1101030 101031 1101031 101032 1101032 101033 1101033
ChRemap_0298= 101040 1101040 101041 1101041 101042 1101042 101043 1101043 101050 1101050 101051 1101051 101052 1101052 101053 1101053
ChRemap_0299= 101060 1101060 101061 1101061 101062 1101062 101063 1101063 101070 1101070 101071 1101071 101072 1101072 101073 1101073
ChRemap_0300= 101080 1101080 101081 1101081 101082 1101082 101083 1101083 101090 1101090 101091 1101091 101092 1101092 101093 1101093
ChRemap_0301= 101100 1101100 101101 1101101 101102 1101102 101103 1101103 101110 1101110 101111 1101111 101112 1101112 101113 1101113
ChRemap_0302= 101120 1101120 101121 1101121 101122 1101122 101123 1101123 101130 1101130 101131 1101131 101132 1101132 101133 1101133
ChRemap_0303= 101140 1101140 101141 1101141 101142 1101142 101143 1101143 -1 -1 -1 -1 -1 -1 -1 -1
ChRemap_0304= 102000 1102000 102001 1102001 102002 1102002 102003 1102003 102010 1102010 102011 1102011 102012 1102012 102013 1102013
ChRemap_0305= 102020 1102020 102021 1102021 102022 1102022 102023 1102023 102030 1102030 102031 1102031 102032 1102032 102033 1102033
ChRemap_0306= 102040 1102040 102041 1102041 102042 1102042 102043 1102043 102050 1102050 102051 1102051 102052 1102052 102053 1102053
ChRemap_0307= 102060 1102060 102061 1102061 102062 1102062 102063 1102063 102070 1102070 102071 1102071 102072 1102072 102073 1102073
ChRemap_0308= 102080 1102080 102081 1102081 102082 1102082 102083 1102083 102090 1102090 102091 1102091 102092 1102092 102093 1102093
ChRemap_0309= 102100 1102100 102101 1102101 102102 1102102 102103 1102103 102110 1102110 102111 1102111 102112 1102112 102113 1102113
ChRemap_0310= 102120 1102120 102121 1102121 102122 1102122 102123 1102123 102130 1102130 102131 1102131 102132 1102132 102133 1102133
ChRemap_0311= 102140 1102140 102141 1102141 102142 1102142 102143 1102143 -1 -1 -1 -1 -1 -1 -1 -1
ChRemap_0312= 103000 1103000 103001 1103001 103002 1103002 103003 1103003 103010 1103010 103011 1103011 103012 1103012 103013 1103013
ChRemap_0313= 103020 1103020 103021 1103021 103022 1103022 103023 1103023 103030 1103030 103031 1103031 103032 1103032 103033 1103033
ChRemap_0314= 103040 1103040 103041 1103041 103042 1103042 103043 1103043 103050 1103050 103051 1103051 103052 1103052 103053 1103053
ChRemap_0315= 103060 1103060 103061 1103061 103062 1103062 103063 1103063 103070 1103070 103071 1103071 103072 1103072 103073 1103073
ChRemap_0316= 103080 1103080 103081 1103081 103082 1103082 103083 1103083 103090 1103090 103091 1103091 103092 1103092 103093 1103093
ChRemap_0317= 103100 1103100 103101 1103101 103102 1103102 103103 1103103 103110 1103110 103111 1103111 103112 1103112 103113 1103113
ChRemap_0318= 103120 1103120 103121 1103121 103122 1103122 103123 1103123 103130 1103130 103131 1103131 103132 1103132 103133 1103133
ChRemap_0319= 103140 1103140 103141 1103141 103142 1103142 103143 1103143 -1 -1 -1 -1 -1 -1 -1 -1
ChRemap_0320= 110000 1110000 110001 1110001 110002 1110002 110003 1110003 110010 1110010 110011 1110011 110012 1110012 110013 1110013
ChRemap_0321= 110020 1110020 110021 1110021 110022 1110022 110023 1110023 110030 1110030 110031 1110031 110032 1110032 110033 1110033
ChRemap_0322= 110040 1110040 110041 1110041 110042 1110042 110043 1110043 110050 1110050 110051 1110051 110052 1110052 110053 1110053
ChRemap_0323= 110060 1110060 110061 1110061 110062 1110062 110063 1110063 110070 1110070 110071 1110071 110072 1110072 110073 1110073
ChRemap_0324= 110080 1110080 110081 1110081 110082 1110082 110083 1110083 110090 1110090 110091 1110091 110092 1110092 110093 1110093
ChRemap_0325= 110100 1110100 110101 1110101 110102 1110102 110103 1110103 110110 1110110 110111 1110111 110112 1110112 110113 1110113
ChRemap_0326= 110120 1110120 110121 1110121 110122 1110122 110123 1110123 110130 1110130 110131 1110131 110132 1110132 110133 1110133
ChRemap_0327= 110140 1110140 110141 1110141 110142 1110142 110143 1110143 -1 -1 -1 -1 -1 -1 -1 -1
ChRemap_0328= 111000 1111000 111001 1111001 111002 1111002 111003 1111003 111010 1111010 111011 1111011 111012 1111012 111013 1111013
ChRemap_0329= 111020 1111020 111021 1111021 111022 1111022 111023 1111023 111030 1111030 111031 1111031 111032 1111032 111033 1111033
ChRemap_0330= 111040 1111040 111041 1111041 111042 1111042 111043 1111043 111050 1111050 111051 1111051 111052 1111052 111053 1111053
ChRemap_0331= 111060 1111060 111061 1111061 111062 1111062 111063 1111063 111070 1111070 111071 1111071 111072 1111072 111073 1111073
ChRemap_0332= 111080 1111080 111081 1111081 111082 1111082 111083 1111083 111090 1111090 111091 1111091 111092 1111092 111093 1111093
ChRemap_0333= 111100 1111100 111101 1111101 111102 1111102 111103 1111103 111110 1111110 111111 1111111 111112 1111112 111113 1111113
ChRemap_0334= 111120 1111120 111121 1111121 111122 1111122 111123 1111123 111130 1111130 111131 1111131 111132 1111132 111133 1111133
ChRemap_0335= 111140 1111140 111141 1111141 111142 1111142 111143 1111143 -1 -1 -1 -1 -1 -1 -1 -1
ChRemap_0336= 112000 1112000 112001 1112001 112002 1112002 112003 1112003 112010 1112010 112011 1112011 112012 1112012 112013 1112013
ChRemap_0337= 112020 1112020 112021 1112021 112022 1112022 112023 1112023 112030 1112030 112031 1112031 112032 1112032 112033 1112033
ChRemap_0338= 112040 1112040 112041 1112041 112042 1112042 112043 1112043 112050 1112050 112051 1112051 112052 1112052 112053 1112053
ChRemap_0339= 112060 1112060 112061 1112061 112062 1112062 112063 1112063 112070 1112070 112071 1112071 112072 1112072 112073 1112073
ChRemap_0340= 112080 1112080 112081 1112081 112082 1112082 112083 1112083 112090 1112090 112091 1112091 112092 1112092 112093 1112093
ChRemap_0341= 112100 1112100 112101 1112101 112102 1112102 112103 1112103 112110 1112110 112111 1112111 112112 1112112 112113 1112113
ChRemap_0342= 112120 1112120 112121 1112121 112122 1112122 112123 1112123 112130 1112130 112131 1112131 112132 1112132 112133 1112133
ChRemap_0343= 112140 1112140 112141 1112141 112142 1112142 112143 1112143 -1 -1 -1 -1 -1 -1 -1 -1
ChRemap_0344= 113000 1113000 113001 1113001 113002 1113002 113003 1113003 113010 1113010 113011 1113011 113012 1113012 113013 1113013
ChRemap_0345= 113020 1113020 113021 1113021 113022 1113022 113023 1113023 113030 1113030 113031 1113031 113032 1113032 113033 1113033
ChRemap_0346= 113040 1113040 113041 1113041 113042 1113042 113043 1113043 113050 1113050 113051 1113051 113052 1113052 113053 1113053
ChRemap_0347= 113060 1113060 113061 1113061 113062 1113062 113063 1113063 113070 1113070 113071 1113071 113072 1113072 113073 1113073
ChRemap_0348= 113080 1113080 113081 1113081 113082 1113082 113083 1113083 113090 1113090 113091 1113091 113092 1113092 113093 1113093
ChRemap_0349= 113100 1113100 113101 1113101 113102 1113102 113103 1113103 113110 1113110 113111 1113111 113112 1113112 113113 1113113
ChRemap_0350= 113120 1113120 113121 1113121 113122 1113122 113123 1113123 113130 1113130 113131 1113131 113132 1113132 113133 1113133
ChRemap_0351= 113140 1113140 113141 1113141 113142 1113142 113143 1113143 -1 -1 -1 -1 -1 -1 -1 -1
ChRemap_0352= 120000 1120000 120001 1120001 120002 1120002 120003 1120003 120010 1120010 120011 1120011 120012 1120012 120013 1120013
ChRemap_0353= 120020 1120020 120021 1120021 120022 1120022 120023 1120023 120030 1120030 120031 1120031 120032 1120032 120033 1120033
ChRemap_0354= 120040 1120040 120041 1120041 120042 1120042 120043 1120043 120050 1120050 120051 1120051 120052 1120052 120053 1120053
ChRemap_0355= 120060 1120060 120061 1120061 120062 1120062 120063 1120063 120070 1120070 120071 1120071 120072 1120072 120073 1120073
ChRemap_0356= 120080 1120080 120081 1120081 120082 1120082 120083 1120083 120090 1120090 120091 1120091 120092 1120092 120093 1120093
ChRemap_0357= 120100 1120100 120101 1120101 120102 1120102 120103 1120103 120110 1120110 120111 1120111 120112 1120112 120113 1120113
ChRemap_0358= 120120 1120120 120121 1120121 120122 1120122 120123 1120123 120130 1120130 120131 1120131 120132 1120132 120133 1120133
ChRemap_0359= 120140 1120140 120141 1120141 120142 1120142 120143 1120143 120150 1120150 120151 1120151 120152 1120152 120153 1120153
ChRemap_0360= 121000 1121000 121001 1121001 121002 1121002 121003 1121003 121010 1121010 121011 1121011 121012 1121012 121013 1121013
ChRemap_0361= 121020 1121020 121021 1121021 121022 1121022 121023 1121023 121030 1121030 121031 1121031 121032 1121032 121033 1121033
ChRemap_0362= 121040 1121040 121041 1121041 121042 1121042 121043 1121043 121050 1121050 121051 1121051 121052 1121052 121053 1121053
ChRemap_0363= 121060 1121060 121061 1121061 121062 1121062 121063 1121063 121070 1121070 121071 1121071 121072 1121072 121073 1121073
ChRemap_0364= 121080 1121080 121081 1121081 121082 1121082 121083 1121083 121090 1121090 121091 1121091 121092 1121092 121093 1121093
ChRemap_0365= 121100 1121100 121101 1121101 121102 1121102 121103 1121103 121110 1121110 121111 1121111 121112 1121112 121113 1121113
ChRemap_0366= 121120 1121120 121121 1121121 121122 1121122 121123 1121123 121130 1121130 121131 1121131 121132 1121132 121133 1121133
ChRemap_0367= 121140 1121140 121141 1121141 121142 1121142 121143 1121143 121150 1121150 121151 1121151 121152 1121152 121153 1121153
ChRemap_0368= 122000 1122000 122001 1122001 122002 1122002 122003 1122003 122010 1122010 122011 1122011 122012 1122012 122013 1122013
ChRemap_0369= 122020 1122020 122021 1122021 122022 1122022 122023 1122023 122030 1122030 122031 1122031 122032 1122032 122033 1122033
ChRemap_0370= 122040 1122040 122041 1122041 122042 1122042 122043 1122043 122050 1122050 122051 1122051 122052 1122052 122053 1122053
ChRemap_0371= 122060 1122060 122061 1122061 122062 1122062 122063 1122063 122070 1122070 122071 1122071 122072 1122072 122073 1122073
ChRemap_0372= 122080 1122080 122081 1122081 122082 1122082 122083 1122083 122090 1122090 122091 1122091 122092 1122092 122093 1122093
ChRemap_0373= 122100 1122100 122101 1122101 122102 1122102 122103 1122103 122110 1122110 122111 1122111 122112 1122112 122113 1122113
ChRemap_0374= 122120 1122120 122121 1122121 122122 1122122 122123 1122123 122130 1122130 122131 1122131 122132 1122132 122133 1122133
ChRemap_0375= 122140 1122140 122141 1122141 122142 1122142 122143 1122143 122150 1122150 122151 1122151 122152 1122152 122153 1122153
ChRemap_0376= 123000 1123000 123001 1123001 123002 1123002 123003 1123003 123010 1123010 123011 1123011 123012 1123012 123013 1123013
ChRemap_0377= 123020 1123020 123021 1123021 123022 1123022 123023 1123023 123030 1123030 123031 1123031 123032 1123032 123033 1123033
ChRemap_0378= 123040 1123040 123041 1123041 123042 1123042 123043 1123043 123050 1123050 123051 1123051 123052 1123052 123053 1123053
ChRemap_0379= 123060 1123060 123061 1123061 123062 1123062 123063 1123063 123070 1123070 123071 1123071 123072 1123072 123073 1123073
ChRemap_0380= 123080 1123080 123081 1123081 123082 1123082 123083 1123083 123090 1123090 123091 1123091 123092 1123092 123093 1123093
ChRemap_0381= 123100 1123100 123101 1123101 123102 1123102 123103 1123103 123110 1123110 123111 1123111 123112 1123112 123113 1123113
ChRemap_0382= 123120 1123120 123121 1123121 123122 1123122 123123 1123123 123130 1123130 123131 1123131 123132 1123132 123133 1123133
ChRemap_0383= 123140 1123140 123141 1123141 123142 1123142 123143 1123143 123150 1123150 123151 1123151 123152 1123152 123153 1123153

